0 1 1000000000 1000000000 20 1000000000 1 1000000000 1000000000
1 0 3 1000000000 1000000000 1000000000 1000000000 1000000000 1000000000
1000000000 3 0 2 1000000000 1000000000 1000000000 1000000000 1000000000
1000000000 1000000000 2 0 10 1000000000 1000000000 1000000000 5
20 1000000000 1000000000 10 0 2 1000000000 1000000000 1000000000
1000000000 1000000000 1000000000 1000000000 2 0 2 1 1000000000
1 1000000000 1000000000 1000000000 1000000000 2 0 1000000000 1000000000
1000000000 1000000000 1000000000 1000000000 1000000000 1 1000000000 0 5
1000000000 1000000000 1000000000 5 1000000000 1000000000 1000000000 5 0





###################
   1   3 
 0---1--2
 |\	 |
1| \20  |2 
 |  \ 10|
 6   4--3
 |  /   |
2| /2  5|
 |/	 |
 5---7--8
   1  5 

###################
