441
8377
9588
5562
2737
7004
8435
9196
8777
9741
4630
6446
1914
8151
8192
3364
71
8866
5037
2316
6779
9057
419
4762
3026
5295
904
7339
9284
9853
1191
4337
3917
4106
4010
3147
3449
2452
34
5039
2980
1005
4517
8753
3523
6470
2472
6982
6959
8038
8505
7467
869
2411
8270
2146
778
8408
2019
846
7072
1998
5631
7290
1463
6084
1528
5796
9978
610
8529
1362
3587
6550
7986
4402
3251
686
9469
4947
2872
8654
3519
3168
1078
9366
8648
8337
1675
8207
9724
409
9675
3039
7435
9697
3112
746
7057
4864
7786
3309
6371
6523
4470
2043
2081
3610
8902
8748
1003
2234
8694
2039
1339
7813
5431
9897
898
7138
3302
394
9352
7420
8589
7830
5363
6209
2981
7316
850
1268
1711
9704
1058
8653
298
3992
3843
6965
8259
5060
3577
1802
514
3009
520
6145
6876
7154
8693
791
6585
6180
873
9589
4899
600
416
2539
3929
5096
6068
567
2517
7081
101
9349
9825
5065
7746
3604
8838
5771
9988
8000
595
2951
8457
1658
7256
6191
8253
3799
6325
5168
7699
5386
6584
4361
8456
8759
9243
8326
8929
9185
8074
4635
2503
7485
4553
5048
6659
836
3456
9851
5184
1190
6617
8102
358
4367
571
6038
4246
9980
124
8995
855
5071
8002
6064
5851
7192
7285
5286
6515
7806
4050
5731
1112
9788
884
6773
2937
9989
8565
2750
9333
1797
6936
9707
9310
1986
2475
3370
8965
2605
3881
194
8317
2125
7840
9970
5829
5091
6662
4887
6255
4938
7483
4067
9412
5340
9386
6398
5913
1951
9443
987
7097
1568
7943
2747
7099
9442
4320
3480
7894
7642
1188
5886
5263
9392
4861
6937
5505
3359
5725
7180
2890
4053
1575
726
6783
6493
1744
302
5158
4600
7207
2171
6051
9154
3549
3806
6459
5342
7569
1969
129
6749
8657
9923
106
3079
4063
4619
4621
7664
4992
6917
8549
334
4127
6912
233
336
9806
6750
3292
49
7142
7484
6506
3422
9343
2597
9857
9763
572
5201
8238
4288
1122
7967
5911
978
7015
3802
5890
6093
3176
5474
4477
9691
5627
4512
5232
7278
2283
5644
4520
2634
43
8497
132
3722
5111
3395
2434
6948
7982
6076
8353
4711
3246
9047
1815
580
5399
7937
5992
4042
4841
5009
5331
4559
5940
7036
1752
2905
3119
9590
2059
9965
8810
5561
2449
897
3190
9080
3811
2172
9198
2793
9931
9344
5802
3544
5736
6609
5996
6665
2230
2093
3837
4804
3509
1208
8550
8492
1549
3453
4240
782
1043
5299
7196
4440
4281
4999
1391
3336
6421
4613
1813
5947
8574
4268
2041
5216
3947
8644
7853
4862
7078
247
939
3614
5513
4115
4310
2465
9885
9402
3300
908
5280
5978
1000
7281
8874
2542
5718
4916
2867
9844
4264
6592
8883
1237
4332
7053
7540
6720
2913
9622
4576
9228
9000
3267
2381
9277
6141
7983
8964
9541
3265
6844
5661
241
6966
4297
5180
1629
8582
3334
1452
1922
7707
1570
7577
4436
1637
4075
7303
2682
6086
3822
970
9793
5252
5458
3451
6769
5742
510
9210
424
7181
675
1593
6177
585
7889
4282
8772
1170
3024
2318
7019
3077
9874
476
3795
3399
491
7716
9908
5440
1674
3227
2942
1316
4516
6169
3965
3092
7263
4454
6162
9420
6094
3769
2333
399
2317
6922
3228
7527
754
4832
2417
3332
4424
8340
9489
3460
2537
3556
9101
89
8773
5626
2280
9685
3685
4937
3986
9803
8989
7680
8896
5462
5838
6119
9614
3950
7443
9998
1241
2804
7891
2456
6392
9436
2038
5143
5246
2849
3906
5265
2034
6289
502
5257
9440
1217
3444
7860
1910
5932
2571
9802
8767
5406
8087
5152
8726
6306
4421
1847
2587
4950
7904
1325
2684
1353
306
8656
6060
9208
1558
7871
9124
4232
6358
6087
5192
558
1751
6195
119
7495
8500
5268
3172
7652
832
3528
4497
6847
5402
2287
5856
4307
8893
784
9933
9754
2174
402
3089
5396
1108
3222
8594
2423
474
7409
6524
8070
7594
9225
3622
2974
6684
785
4192
9209
9048
7235
1027
8295
8149
9890
5189
7770
9195
4012
6322
8636
7875
8888
6970
666
7140
345
3074
4419
6516
8474
5473
8737
4471
9856
8927
2061
4187
4071
1747
2404
7585
5628
4704
3715
7476
729
9688
6920
8873
4828
6770
8071
9298
150
9223
2422
4069
6301
959
7254
9242
4955
9083
829
1383
5891
6530
7113
7590
8728
8690
5727
9490
7730
1919
1784
6395
6280
8801
481
6311
1956
2198
3852
8952
8494
5723
6437
2240
6717
6258
2501
9744
9650
1871
637
1046
4338
4344
8983
2110
993
1200
4597
3933
2930
4295
2917
3570
1456
5577
3522
9855
7576
401
6020
2299
4411
9371
7073
2863
4031
2324
6878
1662
3386
5412
8156
35
9434
6668
1261
4604
8369
8755
9522
8795
7829
8904
377
9077
7572
7838
909
603
7956
4161
2410
4598
7741
889
1213
5476
5709
8313
6314
220
2883
7018
5360
3085
2637
5470
1563
5356
1320
7262
6045
468
9055
8255
2851
3338
6988
5320
8065
2650
3210
7852
9321
2915
7210
4009
329
6388
5128
439
2970
1641
8688
2632
8794
4924
6205
8836
3498
714
2709
1773
1202
2073
5174
4533
7728
8168
3542
4385
1592
4413
2568
504
4827
5741
42
6129
5350
8239
1632
2040
6015
4531
2543
6873
8279
5020
4446
676
5892
7051
6161
4137
3220
2773
4698
2998
7658
8290
2102
7771
9150
2729
1548
5244
1021
373
6733
7346
8981
4578
6199
8553
162
4593
4543
1652
2352
2559
8819
6027
9905
4554
6589
8020
4100
104
8496
2368
4404
7705
4001
1600
2228
5098
7052
1893
4434
8322
4890
838
7119
2302
5236
3547
6158
9559
8863
6599
3687
4775
4203
2904
4679
6723
110
6941
6888
2770
8539
2439
3938
2762
7940
1207
1294
5662
8809
2910
8479
4946
2031
1254
6083
6383
6475
7007
2968
9212
1984
8036
6204
2237
7250
4433
3628
5017
2460
2366
4233
1048
465
7214
2395
5593
6023
6435
6699
5542
5430
4661
7471
5501
4722
2695
7293
8067
8740
7513
6452
6299
3550
6924
3463
6115
1365
8923
9820
5149
5325
7964
4276
1260
9761
3430
609
5224
7021
1388
7028
7880
8130
8060
3104
7419
1342
7088
7610
6273
4496
9427
1211
1770
6604
9367
3607
4092
6000
1588
1249
2592
8501
1470
4266
4147
100
8375
2407
835
3051
7518
9527
3249
1357
6331
7953
8249
9429
4671
2873
4536
5642
1015
6128
1280
8642
7545
9521
4823
7663
3663
1405
3487
2947
4327
6989
9692
3043
405
5581
8785
599
4077
3759
2887
6247
7783
6916
4459
9281
8468
3376
9224
9096
1047
947
2401
3581
9943
4054
2238
4852
5497
2276
9068
7913
3708
3078
2371
6987
4871
8197
4734
5956
8241
7388
6956
6286
5546
1155
9128
2251
5288
4020
317
9203
5700
1964
1872
876
158
165
554
4278
5419
9809
815
1788
1116
4348
4113
6342
7831
5509
6348
4478
2700
2252
266
5835
7430
8191
3869
7157
1942
3968
202
4865
3390
3003
7245
8486
8205
2654
8816
2357
3666
4274
389
7963
5270
5450
2879
8966
6601
6184
1703
7957
1616
7591
8394
9652
8650
895
8832
7003
6150
4809
4179
9728
7444
347
4028
1859
6067
6170
1378
8555
2565
6689
9236
3575
3920
160
582
8174
4765
2067
5625
4513
4825
7231
6429
2687
3935
5536
13
7676
8134
5289
2677
3533
9703
8112
615
9094
4514
5852
608
4996
67
2030
8733
7928
632
2109
6444
96
7579
5264
9618
858
7804
7228
3729
9063
5344
4717
1676
6944
7134
2783
5203
7108
9112
8305
2588
2285
435
4258
7548
3719
385
6081
528
6136
9130
7629
5767
9301
1513
8824
3203
9087
8181
6352
2290
3103
8398
1843
672
7927
1288
357
7525
5854
4170
4990
7374
544
2636
6695
6403
1179
6182
9620
3538
1745
2752
4026
867
4819
4016
2106
5977
5202
492
5836
1880
6011
7335
3333
8939
9530
5808
771
2877
362
9557
8827
1782
1195
5738
3057
1726
579
3638
269
3949
1924
1164
4888
3792
5573
4602
4599
523
9397
8584
3878
9417
3918
3672
5702
4603
403
1
1146
1753
4221
3264
9194
9491
1397
6152
8525
5005
8692
5069
2431
7139
2489
6755
5104
2767
4551
88
7026
1931
6090
6256
1937
9414
9332
8190
3688
8282
6499
7172
6942
4096
7644
9833
3696
8918
2013
6105
1393
9841
7306
1624
7117
3704
3130
8432
1810
1286
2530
8882
1380
6042
4046
9288
9516
3680
9245
3467
2790
9843
8029
2247
3999
7946
1428
2026
3216
712
4907
1269
9658
7510
7899
9123
2522
1827
6836
9523
7897
4709
4006
1657
2535
3108
8994
5395
5421
8175
2437
742
1467
5830
3179
8389
1026
7876
111
2210
6063
9093
183
2576
1372
5088
9264
2036
177
2764
6565
4647
469
8705
1823
1735
8761
9134
5685
5208
3714
7902
1526
9646
1598
7643
3535
6137
4129
800
8226
5985
8798
1821
1918
6600
7681
8132
5938
907
4606
3158
7079
4244
4724
5670
4818
1649
5682
9039
3299
3553
3511
4110
2398
8200
5578
3340
3076
7622
1557
8030
7856
6983
191
6569
1869
6153
9667
1713
205
408
8944
9475
6744
3054
7295
7760
303
8487
1786
3094
2033
8264
5951
6638
2008
7191
8669
7560
3641
3599
6725
2906
5319
8731
6144
2032
7103
6075
4061
7637
2416
120
2485
6341
8049
9810
9664
4312
8680
797
2727
8722
2338
5247
7773
2536
5122
6759
3840
3269
9649
7568
8632
8678
7243
4008
4810
6849
6807
9690
2940
7439
6710
2130
3694
6239
8551
694
6017
3224
6771
3020
8571
9604
6295
8278
5990
2233
7755
168
6442
1172
4507
1416
3235
4495
6377
7976
2833
8032
5046
7747
7466
1631
7828
3071
6960
2728
57
3750
7111
3633
4487
541
7603
7615
9007
4212
3584
9464
3385
2553
5178
9826
6591
6224
2373
6548
4935
2286
3125
4636
8335
3339
3259
6156
8464
2197
3167
2965
2977
8099
6837
1665
181
932
420
7709
6724
2615
6868
3465
5866
958
5150
1895
3716
2433
2064
5928
1430
1694
6252
6389
6881
386
2147
8287
9609
3762
8509
2264
4417
1297
2370
9882
6541
983
6284
5580
2524
9587
1039
2746
6125
5407
4618
3393
3539
2950
2477
1543
8622
7143
8471
3497
6752
436
7093
4498
9164
6681
8959
4146
1010
4555
5792
9097
1730
5261
1220
5810
2706
5485
9606
9465
1081
4290
1174
4897
2821
8395
511
4637
3904
7474
9113
8493
1716
7693
2021
757
5658
2455
9934
5365
2862
4489
4978
8603
281
9816
5833
8319
4333
7792
7190
7866
7901
3780
6865
7990
7869
9553
7091
668
497
9713
8844
2497
9060
3470
977
6929
2419
6613
9861
894
3631
2546
5468
4959
1282
5583
6791
954
2908
6482
5688
7959
7776
8258
3037
8541
9003
313
5308
5787
422
912
9578
854
6436
3442
5233
6546
8185
9731
6292
1862
7859
3751
9842
4663
7424
4814
7573
8061
5597
4467
267
6991
6334
8169
7292
4209
2819
7220
415
1373
4219
7355
4572
8390
5683
3821
8921
95
4656
2506
2218
9815
1643
6564
2504
9125
3473
6381
292
2810
9738
1645
3554
4695
9621
2827
9916
5735
1672
8082
1907
4863
9715
99
4303
7221
2363
8374
4571
4905
3062
8072
4877
1803
9632
4355
9513
1340
5366
2722
9883
6763
6271
2507
2596
1460
1437
4414
5699
1988
9353
5704
6391
4945
9215
6450
8026
9141
5657
8972
3794
2447
9351
7638
5850
9529
4019
1609
8615
2949
2897
2755
8814
1911
2462
8362
3212
8958
3791
3206
6543
6701
4269
9250
6263
262
2224
9015
3571
8503
1227
8626
7708
7667
3562
9575
5528
926
8448
9424
3428
9311
2957
2839
1719
3894
1305
9192
2775
2186
3608
260
5343
3287
2319
2205
6149
9849
4152
516
7277
5712
4752
8563
5510
9316
8704
2666
9995
5417
4405
8001
728
8957
6287
6354
3500
2614
1007
9615
2208
200
7683
9182
9120
7524
454
4934
7146
3646
5758
8576
404
856
7578
6298
8409
6100
8321
3982
8580
5164
2518
7129
6359
5392
7665
4084
4730
7084
8330
6697
8093
5529
7854
4350
4448
7979
5640
3779
6428
4811
3626
1794
9534
3627
8821
4687
9684
602
5314
4546
8085
4358
4341
1762
9766
3105
7726
2446
8370
1981
5397
3367
4139
6091
3379
3095
7791
6864
9909
299
2199
7043
5410
1992
9644
4322
223
9725
2022
3805
2708
7205
4386
2079
7925
2902
37
9807
9257
4107
3943
3787
8831
8236
1457
6608
2412
380
3261
4199
725
3619
5494
3366
4304
437
5063
1497
8257
7186
2733
2450
5729
2418
1127
9100
7234
5755
914
4406
9507
337
3369
2681
8421
8998
4339
5102
7561
6078
7609
6167
3959
9426
7887
9178
8960
6414
7045
5845
8913
8121
1061
2655
935
4815
8872
3197
4904
6434
4253
7865
2499
300
5177
2624
540
6562
6670
5281
7369
4463
9990
8950
2564
1369
2301
6824
568
1982
6029
3042
6594
3895
5483
2868
1344
6747
3589
5972
7914
8695
4931
2528
3484
2329
8301
7907
5118
7167
7605
2113
342
4252
6102
623
6809
7302
7061
9875
2111
33
6661
5848
8770
4628
9628
2189
9586
9571
2133
8484
9535
1304
2808
7674
1399
7677
2939
6469
8148
6415
7385
6583
9592
2270
7820
2724
9566
4821
8218
3898
7823
6206
8418
1511
5070
3757
9896
8754
2490
667
6554
6146
8579
9456
4867
6667
1087
6461
1411
7744
560
6453
2155
5439
798
9952
361
7033
2097
6463
8298
9259
8463
999
8670
1236
4803
6002
3329
6935
1085
5259
3289
5221
3256
5503
1162
5358
2736
1464
3681
1650
7532
9537
3867
7153
8621
379
8714
128
5253
189
6521
3841
1769
5313
1144
5093
7882
460
8124
557
4673
90
3447
3018
7279
7032
6927
8008
5475
3121
630
4913
7926
2047
6652
6274
4241
4925
4049
7289
1240
1994
73
6646
8063
9056
7001
8094
3873
1186
3808
5258
7338
2089
3911
8069
2493
4313
6939
8054
685
4849
3038
3347
6313
3288
285
6635
9061
2235
5182
5507
4558
3998
4591
443
2834
3046
1932
2488
3629
2626
4682
3621
3401
6880
7266
1425
8380
6943
2420
924
812
604
7010
5080
1277
5862
462
6478
5867
7827
4958
488
9929
2166
9903
6803
8214
6961
7944
9146
4829
1635
5176
4153
8581
4122
6760
7687
6903
8162
870
1461
7517
5659
8293
3532
5008
8327
8105
8217
3976
1136
1818
982
6044
6229
6179
3983
2540
8052
8625
3922
643
2768
9612
3242
2945
7455
7039
4041
3252
6596
3655
8365
5373
531
7058
159
751
7764
9035
8664
2903
9476
7340
7394
756
9033
2255
7503
6869
1906
5785
1222
6163
4294
5873
6088
6886
7685
3736
7240
6351
3433
7732
4464
8617
7442
804
2308
5544
4860
2847
3924
3358
4114
5557
9800
2360
6735
6323
6485
6479
6222
506
3745
3964
5667
3825
7383
7148
5617
4091
4622
127
8776
1333
9090
8475
1757
3966
5105
817
333
1666
5945
1963
2372
5523
2443
9355
2630
1168
4926
6690
5797
772
3415
74
9799
9421
6503
1685
7349
9686
4140
2074
2469
1878
7635
9431
9947
6610
9247
2474
5389
6757
763
5761
6713
2616
2028
8608
8681
1915
8092
4074
3008
7607
7370
7399
3957
8666
3545
6625
9602
1486
5652
7700
3617
9326
4248
5241
5333
3245
5865
3073
1596
5131
5943
8925
1864
6055
5519
5553
2742
1990
6433
6900
9129
7460
5708
5269
5680
6330
3368
740
6214
1166
8601
6338
3782
2512
9981
4650
6994
6818
1928
2126
5624
4218
7363
63
1462
7381
1343
5033
5766
4315
3023
2836
3490
4738
1042
1401
5540
8378
2578
2358
4793
5794
6085
1831
9378
2586
7656
6269
1335
222
4499
7200
8430
5614
9018
6349
7552
2325
4177
3324
2732
2310
8985
3316
5301
4030
9354
4933
8480
5022
9927
1291
2104
4655
7297
3185
4251
9785
2343
8860
8234
4237
2328
1620
824
6041
7077
4524
7258
3503
7816
4201
6639
2402
7251
3892
7137
6536
9673
8734
5403
9642
9135
930
1088
1863
9627
5490
274
1475
1057
7312
1479
9515
3768
5441
2627
833
7109
4623
7350
7360
7094
2442
4398
7905
9921
7599
5958
2332
9051
9610
4631
1948
828
6810
8213
7617
6950
7431
936
4195
6360
9290
4174
2799
5678
6582
4002
8996
691
950
9238
4480
4688
3565
8898
4817
7160
5539
6883
9894
1734
1822
7163
6082
737
1983
52
5205
1496
5409
4000
4104
4318
8137
8984
5959
1185
8045
7189
6071
6356
6370
5108
2330
5820
2355
1961
590
1307
3426
3643
3971
5371
2225
8024
6707
4416
6663
1407
2340
5812
1820
6474
3772
9791
6655
2759
4574
1947
7879
8702
758
1314
6643
3221
6340
4363
7559
2944
1710
5877
4735
8975
9073
795
5413
5305
1866
4779
5134
1440
5726
2955
4540
297
2072
7499
8336
429
7796
6996
5433
3755
4840
3266
3551
8247
7453
4040
4833
6223
7321
7489
184
573
8646
9054
1152
8947
8372
3995
5302
6394
8210
9569
3926
892
9702
5187
4055
3508
7920
8445
7529
7921
311
4486
7900
9519
80
3238
4090
2165
5480
9605
3486
226
1264
2183
2898
6305
1431
7390
9719
6909
1944
5897
6677
7604
1424
4715
9156
7393
9941
1256
7802
5637
6573
7425
6975
4330
7096
4343
7284
3834
9314
4291
5375
3872
2848
5466
376
4750
7164
3349
5427
6851
7857
7849
9462
8091
5756
6871
1163
4
3705
8417
6706
9928
7241
3122
2348
2020
5194
1728
4491
4568
1985
1338
9759
5040
6758
5361
6660
3436
6013
7992
1239
3773
9070
8612
6073
2149
6957
6823
6327
6820
6481
8150
4891
2014
7198
7991
7696
9088
3492
9823
4615
1533
5283
6644
9870
3778
8869
7793
5841
8562
8815
3495
4284
4422
4427
5345
4954
1133
4728
5902
2303
727
7147
8967
1772
7930
8894
6174
9109
8163
8910
2739
552
3844
8415
7195
2644
3440
8746
3766
6853
6034
6407
3741
2975
4644
4988
7440
4632
7553
7159
9318
6650
3879
9305
9520
7362
3413
1177
9115
1696
8242
7437
6990
1216
6968
2935
5068
5262
6974
3418
3552
8187
7470
3921
1885
186
3109
9226
6833
4426
8707
8426
942
8547
470
512
9757
8886
3360
2112
4526
5388
8017
9526
4197
1705
5029
2466
8506
6831
6902
9189
9158
7098
8969
9040
6593
8920
6483
3027
3815
6386
2158
3166
7168
6505
1231
8262
4131
5707
4239
1199
234
6955
7145
2232
6304
7798
9792
5589
5875
4666
5566
4562
5362
1322
8307
8153
5394
4134
9425
9455
7710
5010
6914
9663
6193
6801
1959
4022
5463
1360
7059
2244
1065
3236
3032
6685
7162
1157
5230
6826
720
7977
1140
8935
3809
8436
4944
4835
9581
990
8708
4982
748
3087
2142
5645
8077
2145
9756
968
1448
4124
1018
8639
7501
7519
5316
3674
3723
607
2792
6792
5893
8442
4196
6139
7528
7682
86
6911
8901
5204
6999
3384
6124
9049
8212
6052
5601
543
761
2250
8209
1846
9760
4005
652
8620
3518
7386
3419
4126
3240
2080
2211
9819
6432
3908
5697
5245
9071
9918
8281
2788
1523
1996
5139
2481
5961
1777
5453
2428
5132
261
6249
6245
9275
4438
8481
8182
929
8447
1263
82
6423
9390
4633
9166
7252
6007
7494
4109
3630
9497
5885
5036
4064
77
6645
3524
4509
2248
1610
8164
4777
6835
3100
5881
1761
7987
8941
6899
4581
7981
692
659
5930
5863
8431
4261
8283
9570
944
147
5284
3774
4973
5847
7662
6508
1285
6915
4447
5585
971
5123
9348
9132
5541
5747
6387
779
8781
2132
1303
4193
4757
9953
2791
3307
8460
2780
8350
6708
9924
4102
5991
9808
1603
1106
5672
9337
2694
3739
1660
3350
7144
8892
6221
6070
2967
8485
8341
3295
7861
3988
5777
5496
8225
5575
428
5671
3754
3354
6497
3564
5225
1999
1574
4111
841
446
3171
9107
5379
309
5780
9435
5506
5157
3088
2216
7508
2561
7498
7535
2802
9774
5622
2976
6764
8732
1819
4796
1131
6329
2575
282
1836
4515
2181
145
9880
2063
2188
6742
7536
1555
5112
2007
3828
9114
6328
7936
3084
187
8022
6408
9963
4649
9709
1882
844
5338
9790
1180
4401
6065
8223
4250
5927
7264
8752
477
4789
9487
5809
709
1398
9718
1892
3002
3310
4216
8597
4356
1077
524
8440
4328
2631
4614
7465
253
6570
2842
1595
8532
325
7155
6230
5469
690
7204
7086
1008
9834
6545
5114
5210
2995
6344
6867
8833
3313
6278
8623
7304
9459
6734
3207
634
7917
7016
6998
5857
3585
9511
5082
1556
3068
7574
9064
6669
9643
369
8842
1031
9647
7314
7365
2100
7627
8157
5426
1514
8784
3659
4038
1370
6369
7116
9268
3063
1960
9821
2084
8713
9518
7219
7464
6963
4494
981
2098
7414
2151
3848
5348
1502
8114
3699
6756
4755
9199
7233
5649
3546
3978
1779
6260
1925
3991
237
47
4374
5248
1151
14
8758
215
2269
6486
6033
263
4415
9345
9066
3981
6116
5135
2600
4884
5282
7931
3006
195
4805
7249
8717
5028
1337
9457
8058
3900
2822
6190
4901
5148
3193
7514
3693
9157
3525
7768
3665
3213
1454
9975
112
4224
4547
6612
545
682
6527
4066
5188
4896
1807
1111
355
1768
9972
6336
2017
8588
7449
8472
4720
8513
2608
9879
4532
3919
555
196
8793
7452
4376
9783
2648
8083
6320
4881
5449
8108
1835
6308
9289
8522
8437
9450
8560
7969
989
3632
5773
7201
3033
9177
9514
7795
6700
3669
6732
161
7737
9781
7934
7810
706
5161
4144
4595
1423
8596
1023
9723
9696
9095
5879
893
9624
2294
738
7367
3697
3785
458
7447
1587
9500
2674
6822
3942
2018
4963
9782
2532
1287
8328
3489
4081
8170
4095
8973
6057
2625
4798
248
7848
9796
7397
2177
704
3954
7224
4078
4967
7006
2424
455
6678
5514
7923
8613
4087
9540
6054
6282
1242
9121
4747
344
4987
5696
3989
4714
8685
4601
4286
6220
9387
7778
9190
7445
3733
163
9509
6333
7657
5336
430
865
9069
4662
8630
2496
9255
4300
3270
2972
8285
7850
5423
8096
9536
6464
4164
2405
5504
8133
9711
6712
4222
9919
5760
4580
8806
2798
1723
2385
5588
7459
6552
5113
1238
4952
8845
382
7282
5651
9871
3902
6465
2134
295
8700
3670
4289
5272
7034
4210
4335
8520
4143
1740
7805
2619
6004
1223
5312
1902
9607
1386
7826
255
8599
3149
5798
5126
4377
288
2599
9031
2314
1909
5165
9467
6079
4660
2345
3284
2549
5790
4612
6632
7841
8171
7286
4368
9341
2888
5608
4381
2896
9753
2841
6135
793
4118
5721
5387
5664
9679
9449
863
1634
5611
3807
9747
2350
8117
2579
5714
7911
461
7183
4569
5786
6861
4573
5669
6518
5750
197
3634
710
6138
5552
4866
6642
6092
5007
3311
2653
4108
4015
8176
6496
7248
7580
2753
5609
1537
2478
6566
4659
25
2123
1550
279
7679
1129
1501
6279
8115
4868
2613
6919
9854
9698
755
9669
4761
3356
860
5456
2795
3075
7688
5878
1669
3211
9805
3962
5077
1693
1347
4479
6693
6376
9911
6637
732
6507
70
657
683
4280
321
152
6176
2088
1597
8215
584
5095
2369
1845
1993
5369
5438
4607
4519
1296
8792
3689
4443
56
3405
6674
5355
5186
6451
3648
7994
1403
9346
8003
3138
9593
1946
4893
8136
1421
3204
6443
5209
5162
5511
1473
5925
2001
7194
9147
9863
5880
4175
45
1020
9027
1601
9776
4703
1438
5321
6563
6794
1702
5304
741
621
1916
780
2697
4838
4407
733
3951
1814
4079
5744
11
9508
9562
1825
2640
5144
3157
4482
887
7734
9172
1516
8139
2744
6727
8086
5215
4943
5740
6529
6686
9327
6490
2719
1134
3381
711
8602
2010
3361
6216
7701
3974
5693
7646
1898
79
3429
6025
5087
4052
566
8195
4334
5691
3516
6397
1731
7515
6860
21
1037
4389
2052
3763
4387
9432
7725
2048
3351
4772
3783
8043
5832
7106
5963
4156
4642
3713
9959
9682
9672
9601
3159
9495
1581
4883
4672
1371
1319
7873
7352
8813
5782
7801
2223
699
9877
7408
3279
5638
6225
601
6572
9887
7480
4452
3937
5570
9313
8095
7762
6923
1686
985
1104
2414
8861
4608
4242
6619
3866
3753
109
3014
1150
5217
1648
8303
9446
9304
8288
5185
2091
8221
6061
6985
5698
7898
6365
9775
5420
1926
6531
5989
8559
9722
4766
9477
8329
6575
1025
3355
9987
5734
5921
8895
5251
2720
2602
7781
6448
5166
2892
5276
9052
6793
7481
98
5676
9251
4742
5437
2926
9660
2704
5960
8855
7896
4922
2480
9935
1491
251
2698
2855
2117
7713
7074
244
1755
3884
7416
6005
3909
5034
7208
4135
2606
9798
4640
1897
4462
4589
3644
2220
1355
7276
4651
2777
2824
2169
1442
3948
3888
642
9308
953
7014
1436
8245
6401
4308
4791
2246
6373
6238
6657
6350
9099
483
7822
493
8928
6845
4705
9645
9503
5097
2916
4263
9037
1101
6021
6035
7543
8286
5655
2046
275
1289
7255
6494
3191
7504
136
4962
1980
7832
7910
1867
8261
174
4719
635
4082
8325
6339
1536
7984
1410
4718
975
3382
8021
139
9005
1640
8159
4437
3123
5934
1012
8219
7482
8607
214
3025
4760
3605
6227
6651
6925
752
8951
4940
8971
3651
123
1611
1427
826
563
918
8434
5610
6666
6058
7706
5560
8614
5674
8540
3499
2367
6746
8535
316
5171
8473
933
8990
9350
5374
2254
4120
3040
5620
769
8009
7868
5604
2705
6926
9936
7102
8068
8314
398
9811
816
9595
3140
1141
8198
6537
8689
6456
689
4249
3230
6889
9992
3461
7497
9771
9505
2988
7225
179
5922
7487
1692
8127
5586
6498
9651
2027
8808
1865
5401
4740
3876
1749
9831
6680
7269
8180
9174
9140
3979
4036
513
8364
518
494
167
7462
1527
1858
8782
4731
9556
3365
4230
5594
2927
2049
2818
2387
1083
3459
5805
1618
2547
2176
7141
2157
4287
3141
1957
4977
5418
4165
5075
9062
7750
1531
5869
8452
6368
6254
1189
2710
1756
575
679
7753
4792
678
1310
231
2148
7187
5332
9750
7846
9034
3139
4912
137
515
5400
8267
1138
6858
2992
2620
3229
1432
1148
4485
8263
2004
7877
3746
4493
1743
8201
9029
7952
6739
8237
6
6114
1651
8276
1364
9074
1729
2095
4723
3090
8736
1900
2869
1724
8862
8662
3595
4909
5826
9680
5807
8641
8534
153
6108
5565
8302
1209
8075
9014
9357
5416
5537
648
6014
4786
166
472
4778
4399
6817
4645
8507
1754
1804
9283
7411
5889
4502
7405
9394
8243
1678
9001
6134
8202
1056
308
625
5107
3846
1520
5047
366
5646
8489
5931
4873
482
8738
24
6410
8900
65
7698
1655
1095
8429
7366
8986
4759
723
2551
6772
1681
5141
9583
7546
2574
8780
1348
7184
5579
4225
773
4382
8403
1234
7567
684
4794
3858
498
1623
9742
2552
9184
3142
7211
2137
8859
7509
8911
7475
2180
4667
7955
6200
8088
9944
6805
1615
1771
1746
7767
8483
3710
1167
7948
7811
1270
8961
2377
4476
2361
55
3594
3662
242
1466
9271
5883
115
7534
2271
9538
4257
2510
3180
1579
1030
8222
2505
5868
339
6405
5801
6510
938
6166
4117
5819
5147
9828
8671
1334
3169
2570
5292
7628
9674
3478
6069
1336
4128
8110
8227
3537
6945
7089
821
9162
6396
2715
5813
3304
7175
3000
5357
6918
4154
8342
2451
3899
6953
5378
7586
6906
9142
46
5837
8527
1783
1860
2470
4051
320
9502
1102
9659
3161
1484
2441
6243
5799
3576
7301
393
7834
4293
1053
2268
9336
6806
7450
4812
639
3860
7847
3286
6540
1409
1408
2108
4130
3344
4917
5571
8725
8674
6275
8595
4780
7675
5099
8080
3455
2577
3348
5100
4592
6949
218
7433
1875
7332
3847
4986
4024
1854
2646
9009
8140
9204
6634
9994
9689
2582
4882
4544
9382
6272
8876
9246
2601
5502
7446
9079
6316
1687
2082
2638
8672
6006
6556
6012
9889
2144
1032
3448
3029
6841
1219
7740
7122
8122
4876
58
7469
9510
6932
7229
9108
5853
3069
7779
48
1733
8311
3833
4886
9261
9531
7640
2440
8719
6402
7670
3441
4528
4272
8504
4167
5352
2320
6019
6121
4186
8526
6454
8116
8706
3826
814
5196
6353
7988
7327
3124
8269
9036
7223
8498
7581
4799
928
8444
3217
489
744
5827
4674
3457
327
1232
4449
3613
7951
4968
7782
3781
597
3684
3944
3041
8358
4824
5745
7922
3668
3970
3582
3137
1119
9474
9183
7715
2002
1097
3106
8051
8360
2854
5942
1715
1480
6656
2693
4229
1792
4521
7719
5859
3045
1076
1204
8788
905
4681
4974
54
2859
8907
7491
9762
176
414
2468
8308
9608
818
1109
871
3196
9415
464
5739
4994
9292
9872
1084
4668
8119
9648
3278
9533
3596
9399
7766
4277
4700
7242
8924
2663
1433
1001
7729
3574
7382
8455
2075
8779
7714
7929
5434
7123
3146
5079
1029
8884
3113
9404
4732
7653
8592
3760
1748
1668
2057
1041
7520
1374
5966
5997
1887
3513
91
2388
6765
8514
671
9370
2206
5937
452
7329
397
4029
8993
9873
9110
5242
3378
1368
8345
7426
5116
6259
966
7337
2245
9181
877
1206
1490
3602
5968
8
5435
7478
8741
4975
4270
28
4384
7429
1920
2566
7056
4065
8510
1690
7736
8591
5223
842
5839
2735
3636
5616
5634
5551
6696
4076
4770
6884
1503
9193
1465
8233
7244
5896
224
8427
2491
655
698
2885
9282
8363
3148
9661
8260
9939
2267
7069
4701
9705
988
3056
4584
5136
9373
4150
9234
5612
3600
1544
8880
8422
9746
5793
2129
1975
6363
9374
7300
6412
2874
2322
8889
3110
1571
395
6775
2140
2495
3660
8897
7625
2050
7541
7132
6781
4610
2778
3800
9430
6426
9974
5240
2342
4969
157
7789
4112
1584
9804
8292
1774
3452
315
4073
2483
2990
1130
8143
7655
5103
8942
4394
4093
8638
4953
6160
3712
364
4806
9770
565
4508
7270
3829
9662
4693
7966
2675
5759
9597
1809
3357
3012
1143
1896
1626
1469
6198
356
8749
4643
5267
5084
1707
7040
7457
4007
792
640
1013
6535
9328
8858
9564
5190
1051
6171
8803
7855
2820
1156
952
3961
8637
8945
1785
5530
2845
1870
6962
5121
2492
7075
4324
9979
9471
8184
1262
5915
5907
3956
1851
1107
7257
1182
9940
3237
3153
5256
7067
3058
7322
1377
6511
9104
9322
8523
245
1274
5488
1589
839
1173
3476
9543
6658
6231
2351
5306
1888
3849
1118
5030
6934
6157
5950
7973
133
4745
3446
919
6882
9106
5689
175
9473
4185
1591
7012
669
6647
3067
230
1230
2865
9160
6123
5142
4951
383
8871
2529
8007
2751
1701
1045
190
2765
2731
1110
2800
8557
5167
7202
7960
9460
5545
4474
7666
1697
8037
5198
9295
2175
6716
9472
1036
915
4787
4813
1800
3282
581
3061
9222
9734
7881
1300
8126
2665
9984
6192
1604
7358
7787
9262
318
349
4373
9173
879
2889
5159
1434
8570
9403
917
849
2124
5499
3293
2652
1002
1426
1255
4919
1736
6477
864
1299
3493
6874
7025
7502
1035
5058
5025
589
6111
3939
7539
6277
6711
9274
2156
3738
1976
4045
3816
8651
2919
7636
350
3740
5728
6621
3507
164
4305
3724
5606
7784
228
7
6834
6417
2444
7395
6425
1934
6843
8041
4292
6683
5078
3548
8031
6489
7128
8868
6931
6795
789
1936
2293
8118
5567
7101
2639
8556
8402
2066
7895
3612
4299
5414
1684
178
6748
6099
2141
9297
9148
6031
6473
6151
6406
6751
6215
8135
3730
3298
8138
1883
5615
2954
2432
4549
7298
6971
7824
6059
3955
31
4690
9006
2832
1622
4948
9700
6838
8344
4983
1293
2959
3934
3907
7017
2086
2593
8103
776
7593
7885
4409
4298
6003
8573
2107
4889
305
7218
8968
8055
5686
6400
2861
1292
7253
5647
5719
4965
8123
4148
7274
9028
8618
1793
9891
2192
9375
5408
3598
8220
5749
6815
4099
848
9347
6364
3752
5629
1187
3098
453
2005
910
5500
283
7341
4505
8778
9748
6040
1612
2515
8857
5254
9365
5213
4275
2309
4851
103
2785
1418
2266
7161
6276
8015
78
3438
3616
8835
4565
913
225
5218
8516
2103
3271
8309
2797
1750
2315
6164
6416
7384
1679
3889
9681
9797
8320
3776
8585
6648
5982
12
8593
8698
7422
6528
2459
1429
8807
1534
9787
6039
8652
9813
9830
7047
7310
5237
5311
5279
5559
6631
1132
5979
7818
1441
5821
6347
134
1453
882
4501
7104
5894
7844
1327
2678
9167
6590
4157
7174
2789
6285
660
36
3272
9413
4639
4545
7883
4105
5398
8561
7271
774
5120
6267
2628
3675
5045
1921
4325
6283
8875
2062
9470
3505
3036
5341
4316
3215
700
2664
2922
8502
1732
3721
8661
2647
7479
9263
8757
4675
8048
2296
2563
1562
4483
5090
7968
3871
4247
3255
6512
4846
6208
3432
4460
6673
1855
4500
3993
9687
6626
2374
4408
1212
1004
4537
1599
3679
4684
8839
1483
9170
3758
8469
500
2656
8643
2699
7179
7739
4255
4991
8161
2154
2725
8466
5411
9307
8885
9954
1290
2918
4223
5840
2864
2364
3953
4086
6462
646
9532
6226
1080
1699
5768
7291
2925
1444
7588
7287
254
3975
5495
6047
3851
9657
9539
7125
9630
2509
4726
2924
149
4506
6357
3425
2335
5754
5059
2657
3997
6743
9406
9838
5831
9171
6938
6526
4845
9139
3832
5815
593
1795
2291
2121
5524
4204
5903
4625
8384
9964
2494
5906
7651
7978
9045
4484
9699
1306
7521
7029
7812
546
5654
7790
594
9330
2464
8089
6598
5556
2629
479
198
4756
9221
4184
7323
9814
3182
5635
8346
4712
5558
7423
6445
7731
7660
5271
9089
8919
8439
3007
9563
3743
7076
4626
371
7265
4741
5898
591
5367
3868
1359
2745
7800
268
3603
542
8158
1350
2334
6248
7745
9912
6615
3209
290
8078
5515
3416
6580
9596
375
951
5596
5935
5092
7005
2429
1016
8042
7065
9398
3764
7589
8848
2094
9013
4450
8228
6345
4894
8578
2221
6472
9331
3047
7438
3859
8742
3706
8224
1965
1759
1252
7924
1717
7618
8804
6120
5377
5086
4256
3034
8351
8028
2498
3650
6500
9769
549
4939
2831
9205
330
4624
62
9168
6692
1086
8729
3647
6480
627
7222
6890
9279
5183
902
5151
788
326
4469
645
3065
5298
4403
17
1265
5576
2894
8348
7947
9573
749
4430
3510
6487
9116
9840
4836
592
8011
743
9958
4842
7684
8721
7206
5452
3940
2304
9671
6131
4432
5995
8073
681
3427
5584
8331
8676
4306
2523
193
8566
6620
3973
6095
4072
7182
2454
2479
562
8414
4160
9410
8723
6887
9091
6848
3901
1778
1160
5650
8499
843
3593
9745
8915
8668
5582
1691
2946
8470
1451
3160
4826
1619
3276
4870
8033
1545
4561
5936
1009
8458
9411
890
1577
5024
2253
7690
4214
6877
736
9161
1171
5757
3893
5222
9379
5999
4588
770
4895
1257
5923
7318
4763
7965
2642
8811
9949
9827
1590
1636
9594
7002
8304
7551
8361
1758
7970
5329
1868
7333
4119
4431
4057
2814
1861
586
2891
1183
9377
1780
7115
7320
6212
2786
7661
9726
5849
396
1639
5770
1509
7226
745
499
3305
4653
4807
85
1638
6992
6466
6183
8756
6228
9572
1670
1877
9961
3273
7890
2391
3435
5858
8173
3775
387
6026
3863
3635
9248
5572
6399
6281
1659
670
2880
4869
384
1682
2390
650
8946
8590
3205
8478
3165
1664
3086
1396
2718
1841
1725
8906
7694
1903
7689
9448
6984
9884
5993
5970
9258
7558
4231
322
8129
9388
8635
7526
9004
6290
2448
2150
753
2607
7695
9445
9485
9528
9881
4070
9335
6616
6312
5011
5517
6977
7492
9286
5783
1225
2476
9619
5481
5013
9408
9231
9867
1790
903
508
9127
7723
9102
7752
1505
9023
7313
9191
5160
9020
8931
9324
4918
2875
9437
6856
2671
2012
8318
9441
7996
9266
5353
3391
547
6074
1602
3801
3102
5964
8683
5705
3231
6488
9041
4567
992
1565
9735
3475
5380
5275
2353
4981
5073
861
6640
2828
2152
6113
6118
6447
3248
1714
6326
9153
5002
291
1064
3402
3198
4047
9876
8410
9860
5027
1278
8847
5666
1447
9582
312
956
1091
1478
827
6028
2756
2688
4932
2809
3195
7326
3323
66
8760
1952
3174
6201
808
5482
5984
7402
114
1989
3812
2612
445
6954
5920
7639
2212
4178
8010
7932
2090
6863
2932
8841
853
1704
5516
2683
3695
9549
180
381
6533
9401
1139
3258
899
8386
4445
9869
1349
1569
1561
1178
7598
1302
2138
3573
8545
4511
9730
26
5603
1390
8199
5917
1394
5918
9086
7334
2806
922
7647
7463
5946
4541
270
7000
4816
2463
6852
6811
8146
9517
6679
8663
7272
3744
859
2203
8035
9010
9122
5876
40
1073
3912
2163
3277
3262
2560
5062
3854
118
6097
2978
3624
4771
1929
2213
3568
243
4347
7215
708
8851
7013
51
5492
8629
6534
1566
2580
9072
8268
1663
6611
3187
9835
3010
8332
7703
2277
2473
4743
8909
485
7649
9999
9145
2511
9325
5900
2114
8462
348
219
6901
7993
6296
2712
8747
2425
3838
5752
5965
6378
7379
9910
1229
9752
5207
1628
2514
1962
536
6979
2101
1354
5115
9967
9859
3827
1677
9893
6981
8189
388
6933
9904
2035
1500
2531
2829
9241
1881
1646
4995
8230
2991
6234
2774
5788
3353
3192
7152
9561
4442
1311
1072
8840
7035
390
457
8558
374
3734
6691
7176
142
9126
27
2617
7372
7041
2380
319
2356
8730
2118
6958
3320
7587
2982
6202
8949
8441
4215
8569
5988
6048
5129
7711
1625
5328
9219
6409
4217
2881
2707
9613
1798
4503
9986
8379
2354
5987
93
8856
3283
606
3129
6355
2143
4468
8720
7720
7872
1938
2667
7407
7011
1742
647
1508
3133
7042
2053
9202
9433
2680
1103
9504
3022
3925
140
713
649
811
9993
576
8211
7413
9065
7421
8451
8979
2621
2676
7722
3579
7417
9670
3789
9356
7432
1247
1913
2763
662
2928
8791
8059
3294
4208
6010
9494
8419
3362
644
6830
6730
6384
7280
5317
3184
4453
9822
6257
8903
1468
5926
1228
7461
658
7843
564
7283
2567
4331
5175
6103
9418
4616
9868
6766
4941
5607
341
15
8837
522
2826
5998
4018
6840
475
7950
2284
5214
1352
368
7230
9641
964
6789
5324
8864
9678
2281
3066
121
9693
3960
2058
7626
1953
1367
4372
4998
1941
8850
7864
6106
3620
532
2045
238
8881
7735
2099
1248
9655
9499
2209
207
7837
7173
18
2723
1400
3941
577
6337
2435
7008
3013
2738
6016
4993
3450
7611
4577
9149
2195
484
126
7743
1125
7315
7070
5533
271
3502
76
1121
6250
945
1089
9269
7775
7309
7418
5613
963
7918
3731
343
6597
3804
4677
3005
3690
3458
5309
1695
5763
5322
1272
787
4706
4594
1518
6374
8172
3239
9252
5636
2231
1722
1524
7989
1950
7564
949
5619
4234
5905
965
8976
702
4669
9395
5109
1471
6574
8616
7550
8963
7158
301
2525
9554
2672
8691
5455
6175
2912
3671
7886
5
7641
5543
8155
3749
2222
94
5278
5110
8101
5554
775
5310
7749
6046
4481
794
3623
8142
4697
1653
885
5743
9966
2533
2987
5711
3281
8765
7777
1126
4025
4169
7212
8817
881
2658
2006
6767
8333
8822
3727
7624
1094
6172
8727
2598
7717
8296
8273
6978
1644
764
1063
2502
6676
1154
5477
2931
6382
9812
8699
3083
9957
7807
5181
6233
6800
3411
762
8106
9385
3030
8940
7392
6217
7493
8373
1011
8786
9207
5023
8216
1613
3897
4972
9920
3649
7238
6908
1309
2397
4492
5391
4997
459
1680
8604
4466
9898
7634
4034
7756
3096
7632
8846
9717
6879
1585
307
8477
9932
3019
1791
360
6080
8934
1149
1808
3656
6561
9285
3916
5487
891
1506
4875
9946
8977
3232
4397
7631
3591
9991
883
217
8183
3928
3394
7412
8987
4321
354
9320
2399
4211
1706
7085
8511
7761
874
8962
4366
2453
9640
8943
7583
8265
4751
5498
7209
8812
1940
8519
768
4590
5599
8598
823
8701
4746
5548
4011
4510
9969
7177
4658
8619
7188
2961
3885
5076
2757
1578
2445
7799
2406
8517
4132
9638
433
2409
3327
1246
5598
8014
1098
6309
2457
3946
2651
7912
3784
7062
6859
6522
5753
122
7136
5130
444
5803
4429
9273
1142
5277
7765
6731
7127
8829
1943
2201
6018
5383
5053
5393
4168
6148
6219
7985
8359
5522
487
766
199
7046
1382
2538
5293
6077
2850
5238
6539
9623
6022
1606
8796
1689
2025
4908
807
8450
7971
61
3517
3468
6262
925
4158
5226
5032
6455
5908
6288
3352
3093
2393
6218
4654
2392
3268
1667
9591
8488
4903
7458
3208
2482
8826
3318
3247
2219
3214
4236
4518
1090
5656
8679
7692
974
519
131
206
8739
7307
6427
338
2305
9555
3383
7794
323
8420
9976
3990
3152
6210
1671
4776
8128
8611
3181
1564
6375
8382
2781
8567
636
4116
3820
8512
2120
5912
8631
5443
2383
6242
1379
3132
3155
1547
1572
1074
9151
4781
2200
7825
8953
5724
5179
9300
4138
456
7835
2960
6788
7691
5197
4689
6457
539
4279
4033
718
9721
8399
2003
6043
8854
8248
697
1683
8476
5910
5163
9558
5351
680
8196
8634
5016
8357
4646
3189
2260
4191
6517
2164
8109
946
4213
2236
9481
7454
4802
4527
4349
5000
2258
3512
3639
8970
3862
8899
4085
7049
1559
3561
4379
2427
2989
3226
7547
8710
7375
9237
1038
7916
7702
5871
2386
6872
8974
6133
8609
5916
280
1811
2128
4686
8250
3652
2307
1069
6821
4556
203
9393
7112
5296
7401
8745
2207
3707
5145
2679
6549
3767
4966
6581
8633
6008
1019
6737
8204
8275
8830
229
9038
9105
8735
8916
1842
5800
8005
2
6976
1332
5569
1214
719
250
3120
7064
9
8640
6310
4707
9380
622
2670
7082
1147
9864
6203
6995
4782
8012
5591
4317
1317
9886
7500
9656
5630
3466
3877
2029
790
7839
5818
5605
7178
7415
8144
1273
7668
1117
5014
3890
4323
4837
6056
2569
3372
7472
4670
5957
9777
2227
5765
2749
3431
172
537
7797
2016
1973
2689
8800
6866
5422
707
3064
834
9133
7938
3945
6778
4023
1698
3915
809
7704
3477
5969
490
2796
7512
1560
2589
8391
1493
9629
996
8711
8367
4665
9568
4400
4971
5843
2408
3150
3658
2520
8774
3883
8206
2997
9576
9565
2591
1935
717
2202
4657
8610
411
3984
1363
2415
1890
1445
8208
6130
847
6850
2784
5695
8334
5962
5775
7759
3813
8572
9144
3308
1583
783
4774
7817
8355
6921
4942
9665
6366
486
1392
8660
6603
7582
2365
346
8152
3031
5941
4472
9363
113
3732
1251
4151
2909
5042
1494
1507
7343
8428
1096
5590
4455
2882
2526
4149
8186
9381
1817
2858
5072
9636
5929
4984
5592
4878
4729
7727
5762
8046
5349
3818
3485
2716
8954
2645
7821
4979
6796
8306
8356
7063
8624
688
5824
9737
9937
9444
7468
8799
527
3387
8056
8491
8315
2379
8982
410
8376
8165
5290
8039
3345
5004
4929
5778
2042
81
2702
6471
1967
4927
2055
7261
1538
9466
232
3654
1908
7357
5156
1341
8709
9111
3469
8853
3301
6894
8605
596
4369
9409
5285
8878
9483
5595
3343
4522
3389
1605
9200
656
1927
1499
6098
3156
6671
1874
7151
1789
7121
6951
4391
3771
59
501
3128
673
6492
8645
1330
2823
8586
4326
7246
4535
8100
8166
8405
5154
22
735
7616
6627
8387
1495
1621
8751
6072
3914
6930
9482
4200
6641
8188
851
4557
2105
1955
3337
4141
2901
296
9067
7909
9008
9925
6484
962
7718
2382
3080
9163
8658
2779
5094
9050
6502
3747
9585
6842
9218
3406
6555
2179
6001
2263
6291
6420
931
8787
9983
9598
5015
8053
8393
7623
9265
1905
4370
4059
715
6504
4930
2044
3091
4609
4273
2127
7496
9845
8125
8027
3531
2077
2196
105
663
7376
967
934
8194
6335
7037
8552
6754
227
87
7833
146
1414
1930
2668
991
3154
6468
4396
3810
5484
6799
3437
6862
4795
8933
1459
2948
1889
4678
7763
705
1939
6302
3319
7009
7092
2817
3225
2801
9175
9021
9654
1485
9862
9043
8097
8438
7232
9525
570
9180
810
8606
4039
7135
3398
8673
3798
1049
4534
7216
8495
1059
7556
4171
2713
5457
2078
2825
3375
4627
4874
7060
6828
6967
8712
5834
4692
2611
5720
5806
3275
653
8718
23
3823
4680
8554
2983
4393
750
1082
9059
9714
9165
9131
9197
9850
7490
4808
7595
9211
1258
7697
7353
2191
8388
5974
9635
5531
97
4383
3474
7054
4504
9865
3471
8887
9708
4451
9272
6024
2766
9580
5461
1203
1028
7606
6317
5294
9600
2562
5044
1128
6595
8849
3202
7325
574
9428
2996
3609
7324
8280
1968
8877
830
2131
8050
4855
5347
548
7630
6624
1477
525
3116
3114
1193
1839
8890
4683
6560
994
2585
5330
9280
6189
294
412
1105
9334
8834
2182
7071
8750
9389
8926
5359
2194
7305
2087
9452
8107
1844
1184
9376
4749
1826
5228
7406
1917
7785
8703
5170
9118
9229
8538
6602
7371
2278
3667
9720
1417
9296
4027
734
265
5390
8104
3373
9758
8413
8818
1169
1828
1764
5861
5303
3028
4428
3777
3788
1402
2275
9187
1420
4043
1958
2963
83
5954
5633
7087
5904
6430
6802
1551
5713
4068
8252
9384
2519
825
8423
9817
2185
6715
4220
4737
9360
3765
2838
4418
617
466
1458
1326
517
9075
3839
9948
7592
2984
7345
1267
3790
2557
7133
6266
5493
5173
7317
3472
9092
2973
171
8649
8081
3131
1642
2486
7331
278
9400
2886
4853
1830
9270
3501
2835
5710
3980
185
998
8131
8999
955
2162
4708
4346
9846
6588
3145
4797
3905
2384
747
3126
6404
1243
7562
3718
8381
1062
6520
629
805
526
2776
9287
6870
1630
9773
286
1321
5779
8291
7858
2375
5405
1688
3424
8453
2306
8790
144
169
4365
4375
7884
9765
8406
3506
721
1801
450
3321
72
7448
4629
5428
6513
5733
8508
4309
9338
3756
9832
9240
7403
4744
4488
2555
1284
7608
730
503
4189
7522
9732
7633
7359
5231
9677
6110
901
9058
3397
8524
6986
4262
845
1033
8246
9501
2813
192
8908
9044
1837
5191
8775
5273
1904
6385
7654
3664
3557
9496
7851
9858
6553
3786
916
2292
5748
5568
3717
7150
5520
5133
6946
5975
4412
5909
5384
1215
4207
1034
8044
9416
6675
8932
8098
9768
6728
5587
4859
216
6832
4839
1553
1161
8289
6721
4296
5774
4265
7974
4956
3972
1328
1175
4423
3540
5055
4425
5746
7050
2000
9454
819
4634
7456
2289
1966
605
5639
5527
1787
4136
6907
2673
3625
2513
7451
4188
211
1766
8299
6829
7066
3107
107
7619
5250
8771
9405
9552
425
7294
4611
614
6928
3817
1594
857
7809
6587
5436
1079
7387
6422
6140
6168
154
9666
1235
3173
8677
923
8300
9396
8997
6698
1923
4083
687
2815
4183
5061
7259
665
9076
272
5673
3274
1886
3143
4960
6413
5842
10
693
8034
6380
135
5249
7505
7724
1474
5323
5454
3870
3527
359
7570
633
538
3260
781
6270
6964
6614
4587
5364
5370
8743
6940
980
626
6030
7997
1738
5211
1439
4529
2690
9727
3761
9458
3601
7566
9839
3725
7354
4769
8665
7862
5297
6319
92
1991
7364
7870
9968
8536
7436
6741
3640
6664
8167
3414
2771
6419
9479
8256
7863
3374
20
619
1974
7118
2920
5663
8922
1218
911
6547
6122
3882
4936
7678
9498
948
2852
9751
4928
2900
7596
9323
258
1068
9302
796
973
30
1542
4620
7565
4713
3194
259
6495
2011
7361
8178
1850
3317
906
9453
801
38
2936
6905
2243
5692
6393
6232
7602
4060
2550
6089
2573
442
8352
1192
4285
3569
6819
406
9985
5404
9584
4748
6460
613
7751
5737
7659
1092
2583
210
4410
2023
9551
972
5243
9016
1301
1582
3445
9042
5730
6438
2378
2986
3315
5050
2830
6197
370
8411
2659
767
2730
6458
3496
478
1135
8805
4121
2241
9294
5751
3657
264
8254
2184
4336
3887
2581
1901
5153
3728
7506
5933
2964
6514
6236
9749
2921
3606
6784
2389
6804
6440
6913
9011
5489
3377
3464
4190
5967
724
9312
8084
618
2929
2070
2015
5085
5722
8193
7571
2024
7427
277
2259
7915
4172
8937
2805
8802
3342
9716
1607
9626
2866
6672
9468
6785
878
8145
7557
4764
4915
4921
2754
340
1099
4259
6109
5335
8823
4964
9309
372
6253
289
5822
5125
2336
4538
8955
7819
3127
1366
8383
3055
50
4458
9625
1853
5882
4021
9447
1776
3880
7090
9025
8988
6825
2471
182
4617
9795
1718
8338
7601
3297
1529
7814
432
4564
4490
6185
6787
4716
449
1739
2249
4801
8482
3325
3052
3044
5872
6694
7356
7538
9084
1387
5193
4163
7378
8040
9637
1949
8583
6104
8062
6431
6753
4758
620
8744
4539
1673
8368
7410
1806
1361
9668
4664
7273
1406
8235
7268
7217
8297
8177
6786
7237
5206
7537
7130
6213
1052
1979
1876
4906
9794
9260
4311
3439
6117
8515
3985
5465
3520
3188
7171
1259
2394
2714
9922
9945
7549
3896
5471
4329
7185
0
5687
7165
1522
6892
1873
3408
9546
3836
5255
5467
2769
9383
6910
4456
2331
6165
1346
765
5986
806
5234
3891
9599
413
6268
3580
556
9829
6332
2430
2760
8879
5041
7024
3392
8647
4420
9152
9119
3526
7613
5684
1376
9317
5127
7267
4800
5618
9232
2068
8938
9616
7584
7614
5038
1233
8057
1540
5447
9339
6855
8047
4342
3410
3280
2215
3857
2458
3396
423
2911
5518
3135
9901
7878
1114
2966
2914
6181
5939
9478
4271
4441
8019
995
3328
4879
6127
5949
7114
2686
8865
9233
3592
9138
4037
3421
4790
2265
3923
9278
5981
530
7020
5220
8530
5074
9837
872
6687
3306
9239
8339
5229
6143
6813
2438
7095
9368
240
5089
4353
3021
6768
7100
6062
1492
5874
4351
4548
1024
5429
1308
9712
7170
9960
1044
5448
6839
8870
9391
4345
7733
7612
4985
1375
2312
1767
521
3420
7348
2923
6780
5001
6194
9973
1535
638
1971
8783
4831
7933
1487
3543
3048
1970
2009
9484
391
1573
6053
1298
2643
3618
1060
3417
9706
569
5018
578
6361
2660
6567
9364
1446
2870
9906
8312
3479
4856
2487
2558
9179
5376
716
9078
5641
4056
7275
5844
6390
6969
1848
2669
1519
9220
6324
4283
9361
2740
4721
8023
1253
8416
1567
1614
1879
2816
1580
8687
9764
6797
1546
2803
5525
6112
2421
7227
8518
7308
3291
6633
6904
7169
6618
4523
5870
598
6606
8764
866
335
9315
813
9892
7919
7507
7530
8392
2595
1521
2187
5051
9461
2521
6346
9342
3742
4125
5679
8412
9982
8763
204
7958
1244
4560
4032
2051
5459
352
2853
4205
8686
6173
2734
9899
9542
3482
2878
9755
5550
3111
3661
6622
3645
7962
9340
2065
7236
4088
5677
1530
6714
3199
6294
6246
4226
1250
2190
4267
5512
1318
9895
2273
8682
802
1295
9159
173
8006
5056
1608
5442
7048
434
588
1541
5895
5924
5563
4910
9971
4206
1404
6745
84
9545
4243
7995
1070
5227
1517
8343
9567
8936
2239
6782
3483
5169
5884
9736
535
3314
102
9422
8696
7908
3296
5200
7742
8675
6211
451
8490
9213
170
8016
6155
8587
6898
3853
1071
739
1765
4685
9878
1455
3814
6542
677
4319
257
786
1345
2115
1124
3611
5083
6318
9206
2956
6050
9694
4359
141
6439
69
4605
3175
3796
631
125
1054
392
5146
1796
4301
799
201
6774
5864
3845
7030
3567
7721
1532
9438
6362
3341
2985
9789
9550
417
9372
2323
4145
2860
7288
7477
60
2400
1153
3770
9267
3049
1075
143
64
8537
9739
5648
4176
1221
9778
7620
4961
5026
5888
3244
9117
6952
3701
6718
4830
4900
328
8025
1824
6558
7156
5971
8407
7260
8446
2857
8867
5846
496
3488
852
3253
9914
1504
7107
8912
8461
2226
7888
2843
293
6132
7754
351
5901
529
9291
3118
3234
583
2085
3290
1482
9451
4727
3703
4550
7486
3952
6607
1894
6265
3481
2604
9767
551
2159
9779
5239
8401
8655
284
8843
2300
7542
5035
2069
4898
3875
1515
5526
407
1799
1351
5117
8684
5195
8324
3615
1331
1816
7686
8277
5425
7673
1123
8978
4834
3388
3676
4914
9046
1834
7373
4858
9733
9506
4390
8179
4362
7105
4392
9951
6812
3830
8397
6244
7213
6703
661
1323
9786
4180
4058
6893
4013
9888
9917
9186
5828
8667
7347
5538
3566
1977
9866
6096
8930
3050
9407
4596
9359
473
3016
4340
8577
3170
6196
8310
6705
6343
1198
4371
3700
2346
6154
2396
9024
1159
9019
5300
2941
3555
256
2500
7022
4181
4785
2610
2168
7555
3682
509
1435
2884
900
3099
8914
2692
8454
7299
5318
5772
8992
7893
3874
4676
9439
803
7942
4314
6559
8066
3588
2261
7031
3678
6649
7961
4235
2279
8600
1852
6037
3931
6241
4885
2840
868
6997
5043
6293
2037
6777
5006
7845
7038
7772
5049
4648
2262
9902
703
5486
5372
5472
2071
3529
2344
3748
2173
1945
1395
2899
2092
5784
8079
438
1276
8141
9256
5212
7336
4159
4542
9169
2703
7110
4694
2895
2962
1312
5137
6762
4850
3263
3072
9002
5899
4641
4773
7434
3842
1165
6854
3683
235
3967
3969
2376
3001
9480
431
8347
9358
1275
8991
2508
7597
3177
19
9303
3686
8715
2178
4848
332
2761
651
9579
4473
2844
8797
4736
4475
8018
4089
3163
209
2272
9603
8076
1805
4525
6816
3115
2136
6891
9836
9214
8891
1933
6300
534
3677
5535
4753
2341
2060
6235
8396
4844
6519
3560
6827
2696
3312
7149
7398
5781
9216
3994
6897
6264
5339
3081
6424
3504
5701
7672
400
9488
6501
5602
5919
249
7999
3987
7193
5855
4566
3735
3443
5534
2311
3720
777
447
6538
3541
3303
1226
2548
4098
1840
9012
2516
5424
8400
5789
4702
9155
5764
9030
7544
4173
7645
5381
3637
5955
3913
4880
8531
4970
8852
9560
3673
5653
3017
5266
3936
4989
1489
943
6240
9701
7199
2116
3711
8111
8820
2622
2413
7949
3865
3491
5019
5172
3910
2635
5334
7554
8528
6379
2054
108
9996
3322
7203
8240
4360
8404
2298
4182
9493
9780
1972
2135
7758
7247
3060
1210
3233
940
3082
6107
9729
9136
6875
6261
8548
6636
5066
9915
1712
6740
2119
6315
2347
130
2623
5287
5694
3218
5445
3819
324
6066
5479
4920
3855
4380
2711
1224
5460
6441
9230
6237
3407
3494
5274
7815
5994
4696
2554
1781
7511
4227
4923
3380
2938
1315
7533
3059
587
4976
5003
7563
9362
2461
9913
4579
1449
5052
9329
4097
4854
888
7842
5732
4302
6738
7650
4048
3558
4457
1389
2717
2282
3183
8724
8521
2662
5715
5155
2933
550
9276
7351
16
4352
6814
3403
2871
7368
9227
3117
1006
3101
2544
4638
2876
8546
5451
7575
6709
2204
155
4699
9653
2229
7377
41
9176
2160
287
1995
1498
1633
1176
2274
1552
6947
6532
1356
39
6372
6557
1415
4395
6251
1120
3864
1115
6586
3850
3515
3053
9710
7330
4733
467
8120
7803
3243
9639
1721
1022
9962
8956
1708
2958
4254
3097
1727
304
5260
1196
9085
7197
9852
2193
3958
831
5703
5811
68
2993
9492
2633
837
616
4586
2436
8628
6186
8004
6980
9634
5219
559
9847
9683
3219
7166
4435
6702
8564
7396
7648
1576
9081
9423
4552
3737
979
3563
8425
7874
1422
4754
8323
3186
5327
9824
5791
5337
7748
3927
507
3326
148
6411
5346
188
3
4238
3285
7239
941
5547
8154
5368
8244
6972
1067
463
1066
5444
6857
9249
611
6579
3653
3963
505
2837
4155
2096
418
3164
1656
8467
5952
6688
3144
4198
6808
2327
5478
7972
2603
8825
9544
7055
3330
2943
4133
2649
9188
2971
4162
421
3572
5521
7757
3257
6551
5508
6418
5823
2534
7808
731
5064
553
2846
5464
4166
7083
2572
1654
4570
6032
4583
6653
759
9254
1017
984
5549
5491
2999
156
8284
1741
4691
5953
1838
1812
6623
3642
2618
1987
9631
840
4843
3726
2782
5415
7344
4902
1197
9319
7391
3534
5291
822
2326
5382
6729
5776
440
7600
5057
4461
6736
2812
2122
1093
674
9942
7404
6571
276
7621
4822
3831
1472
2811
2167
1709
378
1763
7027
2362
8113
1627
896
9299
1849
1833
6188
3201
6544
4439
5031
9676
4784
9633
4245
3223
1419
8090
1829
3692
4563
2256
2337
480
7774
2641
2161
3578
6142
6719
5101
4465
4003
5814
7867
2994
7044
5432
8449
4739
6187
8424
5660
4783
4949
7738
7296
4080
5795
8160
8769
3691
331
7906
6726
9253
3590
9017
1245
2349
7124
2056
3559
1525
1997
3856
310
4004
8385
2743
7516
6509
1760
8544
5717
1617
3903
5199
7023
6049
6722
7319
5816
5769
4575
3514
1181
3861
3412
3454
426
9369
2590
628
3698
5632
4585
5574
7080
3363
4911
927
6525
2893
3977
3136
7428
6628
9907
9997
3035
2217
2242
7488
5315
1488
7068
957
7523
9137
6846
1205
664
4364
1100
4142
9053
3793
53
7980
969
2856
7945
9577
1281
7126
9617
3824
7400
5600
3254
1512
8251
3462
1201
3371
8697
2794
6576
5973
3803
5948
4710
6178
1040
986
6776
5665
9032
9848
2556
6303
5106
9419
2403
6207
9611
6159
3015
365
6009
5681
1050
3335
6491
3709
6449
1978
1443
1737
8271
3797
561
9955
2467
138
7473
2313
4123
2321
9244
920
1055
6578
9082
7780
213
1324
1775
9784
1413
7389
8575
5621
8828
9293
696
363
8294
2584
7975
4768
2083
3400
6126
5675
6993
9695
1539
2741
5140
5354
44
4582
4820
5054
1113
6761
2170
4017
1358
862
1647
4101
75
8980
3996
8789
5081
9926
2295
2139
3423
5887
3200
8543
7712
1481
5124
5817
2359
3536
4957
9772
8272
273
8917
4767
2952
2772
1510
1014
3011
9026
6367
2214
2685
6790
8627
8766
6798
695
2541
4652
722
5564
8229
236
7441
3404
9956
8349
4388
2969
4202
9103
2288
6036
151
3241
6654
3134
9235
8762
1586
3070
2527
9548
8659
9938
760
7769
6568
7531
8568
6307
1145
7941
9818
960
3597
448
1661
1857
1450
208
4354
8203
5385
4847
9977
4980
8371
9930
5623
997
5976
9463
5555
1271
7311
4014
2907
4530
2426
5944
4788
6297
1899
2545
9022
314
7903
2484
4872
7669
1137
8316
9143
117
2758
9740
5980
3930
7328
3530
2153
2609
1412
4444
212
6629
1384
4035
3250
3583
2076
8231
976
9524
880
6101
5012
32
6147
533
1158
4725
1266
5914
1313
1954
8768
8948
654
6321
3004
7131
9900
8542
6630
7342
5643
5860
239
2661
5138
5446
471
7788
5326
624
9217
9801
2297
8013
641
3151
5804
427
6476
8274
7998
4260
8433
7892
1194
1554
5119
9547
8716
29
7671
5825
116
4357
3586
9306
6895
221
5690
5706
4892
9743
8533
9950
4194
8354
3702
6704
9512
5067
1720
8905
2257
6577
3835
3178
3932
921
353
6896
1891
495
3886
5021
3409
701
8147
1385
9201
252
6605
4103
8366
367
4228
8459
5532
875
4857
1884
8232
1832
5716
9098
5307
1283
2934
2721
6973
2807
8443
2979
1329
9574
7939
7935
4378
1912
7954
6885
4062
7836
1700
2701
2787
8465
886
7380
3331
8266
4094
937
3162
2691
6467
7120
3346
3521
1856
8064
3434
1381
612
2748
961
6682
246
2339
2594
9486
2726
5235
5983
1279
4044
2953
1476
5668
820
