329
7535
10388
6299
9861
1292
6808
9382
11233
4576
8146
3483
4230
2564
9497
2938
4478
6747
11960
4856
10682
6256
7076
6905
3722
8409
11596
6797
1983
10581
1777
3112
3349
10834
11096
810
5636
1586
6415
4913
3922
11440
3008
3294
8816
7503
9618
6571
8875
3001
5239
6809
2431
10435
10127
9812
8542
10673
9773
9137
26
10910
248
6135
10818
6412
10434
7131
5908
10676
2869
4965
3651
11917
7175
1335
5827
3383
5137
6090
7971
3663
4617
5175
5858
9475
6799
2231
8237
11592
8458
377
10013
5242
8235
6173
1800
7692
11942
9813
3307
7602
2771
5534
3936
6098
3693
9409
7620
4858
818
3203
1948
159
4713
8699
7808
5169
11386
1375
10813
6400
3955
1446
1230
6125
10540
5977
11615
10940
6608
684
749
1183
259
10970
2017
8236
6349
10248
10759
10815
11482
9328
4751
11521
3469
11235
8364
7297
8829
503
11045
2089
11012
9165
618
3216
3132
5392
2742
8973
1584
2901
425
11676
10608
10191
1629
10380
5425
4768
2014
2075
3054
7758
5316
5028
3426
10198
2555
6949
3635
7918
8007
8296
7958
11004
6038
9380
3920
11018
4116
2898
6662
3450
5442
4675
6434
11442
8892
2717
7019
1575
10548
10181
6676
9991
9316
388
478
6408
8101
11801
8269
2136
11691
5549
491
8942
663
6431
10320
35
5848
6955
7057
10769
6492
2841
9928
1110
4080
9859
3615
1482
1999
8327
5287
835
9363
8664
1746
1436
11099
10710
9735
2934
10301
6339
2646
9142
6651
6388
9034
6417
4906
6184
3967
2678
6537
4281
11641
3242
2813
795
2266
4741
2112
3908
9594
11075
1303
6997
10849
10292
8990
5485
11723
552
10963
2076
5813
11773
9178
3891
1235
6757
8330
5103
9240
3744
6539
8169
5099
11790
9430
5076
8109
1839
8656
1802
10173
10983
2003
10304
4473
8351
937
9606
865
8233
4338
10765
191
11365
3740
7318
11561
8509
11151
4559
2312
6030
6495
3921
11701
3288
358
5996
2715
5263
3046
2930
10142
1856
406
4402
9816
6536
1855
10103
4380
5270
8494
3467
9190
5837
6452
2217
7506
1361
1193
297
2046
10804
11234
3403
4824
7459
8009
3951
1977
2165
3573
8420
10458
10019
7525
7960
105
9663
4362
1404
4197
2800
3007
6922
3678
8275
9945
5704
3793
6270
9012
11314
2774
2166
7354
6485
4795
5209
5356
7916
5064
294
4527
11737
3576
9934
7531
1186
5451
10445
2546
4725
1993
4782
6775
11922
10220
7410
10982
9345
8652
673
4418
11719
441
1132
1781
5634
459
10573
10475
3269
1408
1111
3989
11841
3395
9422
11407
10846
3777
8904
2695
3752
6506
11395
3790
7695
3524
5079
6512
5645
10228
4005
9724
3342
11573
11844
5727
8682
625
5967
755
11877
5449
9521
7281
10514
9811
351
2336
11831
11572
5572
1332
4192
11756
408
11728
10664
8653
3271
7696
3430
3788
11266
7879
2273
5846
9460
5951
3596
6060
10618
2892
10397
9121
7134
5329
11137
6117
9370
6387
8263
3179
2200
3646
3750
2607
9270
3337
4792
10267
4370
7870
9061
1662
11586
11661
4639
1591
3852
282
2123
639
1950
9810
3373
382
6598
4161
1108
360
8095
3143
6604
5832
7048
2353
8577
479
3866
3591
7082
2253
2018
2754
3266
6272
10535
7639
3340
483
1476
4667
7254
10979
6985
5909
10878
4444
6084
6319
4056
8838
11343
7305
983
2005
1415
7414
4590
8195
6083
2639
9222
7923
10376
6432
8466
6315
7240
8639
9317
4160
5576
9123
5212
4914
2792
6303
6925
7734
5816
10687
3706
4611
8933
11259
7008
3304
5948
5375
9931
11231
2442
3117
1376
11431
188
3557
3160
3249
6878
1567
1859
6211
7381
7975
1675
8061
2676
8543
9472
9617
10515
5524
11895
9857
4901
4020
10922
1937
5611
9780
9455
2522
7393
10506
8315
4460
2439
1972
10040
1188
9790
11372
4384
8152
6448
504
9802
8198
10145
9029
4816
4752
1418
1894
7367
10144
1706
2794
490
8935
11286
8398
11239
1525
7363
4433
3587
1549
4697
10151
11941
1998
11907
3877
4723
11970
9322
7117
916
8386
447
2278
10871
758
8593
9099
4995
9213
2611
2421
1854
7045
5436
335
9825
2064
633
11930
6113
9193
5339
6845
7555
2172
3636
11263
11021
4024
1353
8641
6786
7672
3060
8586
8020
10845
11475
9973
219
3821
6484
1884
9677
5907
11302
8063
9709
55
7301
1847
4537
9550
776
1297
4459
3603
8309
4991
11644
1825
8878
11994
1093
4632
5678
2968
7509
1933
10196
8099
5637
8408
6126
9964
6622
1383
7772
7657
2918
6401
11618
6091
2686
8357
5359
9075
8452
7874
11769
2060
7116
10622
5654
6583
9763
7937
9206
2479
8852
2093
4942
5616
10642
3950
1828
10494
8880
6242
957
11215
3028
8529
5892
2651
7749
1916
4676
5306
2372
2352
3882
7479
10636
4091
181
7583
3379
5738
5988
11391
11890
2318
5663
6888
7246
2932
4376
6129
2383
10975
3320
5519
2855
2650
1032
7366
7925
3286
6894
2070
1899
1577
8528
8470
7337
427
11258
6327
9094
1612
9041
3508
6217
3809
9407
1214
4588
8826
8193
1467
2161
8771
1359
10861
1428
9630
8212
11828
10118
10702
4922
11093
11078
141
6469
11507
6773
4988
9930
5142
6609
10855
9023
10725
1910
1597
8780
2605
3902
5691
8791
11975
2809
9459
3580
9441
4040
4332
7251
5653
7013
11205
6826
688
4034
1510
7016
9534
8335
5970
11409
1613
6048
121
1595
3075
5349
6100
4179
8475
4075
1345
1534
5916
6225
1538
3438
5130
4591
657
6803
3640
7801
8602
4355
7262
1141
537
3807
2852
3768
7592
3516
5176
2030
3431
9124
5096
184
10065
9678
2790
8506
255
11430
3401
6037
2269
2168
9539
3763
8615
7770
3182
8053
5901
9218
9691
4807
4242
8448
9778
2598
152
9448
5149
5170
5957
10809
6250
9148
10205
4027
5785
6685
11504
486
10672
9266
2815
5590
168
6429
2173
518
8393
1360
3078
11852
7100
11853
7809
10178
6238
10728
6862
11786
6664
2102
8436
2494
6396
10639
8797
10689
6164
6864
4575
5787
5315
3437
2346
2870
11368
9307
3456
6128
5163
6137
5161
5805
4711
8312
2192
7259
2277
11470
6445
4805
8867
30
8742
2038
8614
1650
10094
7392
11217
3969
5264
2672
1422
2436
6360
10230
11952
7489
1134
6278
10402
8214
9303
8245
4441
9490
9203
5272
9788
5416
2689
8917
8084
579
1252
9260
10309
3454
10355
11857
2840
648
271
2292
11513
10395
9901
1226
5284
11533
10775
963
8277
2339
5781
4572
10136
11435
6666
2451
4317
322
9852
11662
3704
5193
9634
3115
3262
6413
11072
5168
1064
774
1033
3168
3000
10432
6156
8723
8313
7641
3546
2345
8717
8002
7083
11762
11187
9308
2891
1949
5575
10794
6568
10234
10739
9752
7279
9467
8632
7225
5748
8793
10414
8561
11155
4266
8819
5147
1767
1333
3153
3695
10334
10658
3277
8809
9438
5733
10270
2712
4823
5719
3944
8544
10512
10359
4746
1471
6632
8431
4446
5913
9021
8645
10604
3166
11630
3108
3961
10468
10507
8228
10956
10865
4061
1083
7891
11481
3498
11743
8308
2418
5662
3639
4793
2045
5729
899
1763
9214
3361
9251
6056
2360
881
866
4529
6954
7423
8156
6344
5762
75
10566
11659
2448
5435
10404
6361
4357
7165
7328
11140
8457
8365
5822
7121
5226
230
7412
5676
7617
1553
8416
7986
9642
11718
5362
8677
8907
5361
6282
4008
10392
10045
10485
6004
7446
8189
10670
10482
513
10168
1117
4035
4599
11643
2330
99
9843
9332
1384
9800
9526
10169
3445
5165
7753
6191
5244
9397
7491
3712
456
5071
10966
3103
34
748
7732
1653
5200
7242
6503
1266
7330
7401
4175
7238
2945
5567
1395
7469
8021
9353
10542
10370
2288
3889
10731
1000
8993
2983
3680
6042
7258
10491
11477
6615
9144
9162
10298
682
5303
5829
11896
8625
5038
5964
3741
8302
6806
1875
8271
2718
5041
8607
3656
5282
722
6239
9281
5500
9257
1820
4282
1046
3958
1684
489
10213
4867
7376
6897
3659
2035
2455
4820
9564
4375
7694
5842
5291
1288
10504
1028
5087
6009
10306
2351
5820
6055
4567
629
4936
1203
3241
254
4470
10337
217
9102
8353
1430
7130
992
9878
4479
3503
3648
4703
2410
3076
2006
1055
4975
7899
861
7085
11364
3630
5218
5082
5689
5629
9872
5181
10258
8922
533
6594
6709
7500
9918
6391
7953
4974
8122
5121
5671
7207
363
11454
7387
3136
1206
4657
11483
11291
5115
6487
10340
5639
5766
7863
7698
10896
4622
1783
3092
2459
3535
392
6750
9110
394
6710
428
6073
4054
5105
5527
10140
11472
5538
971
8443
6465
7713
5222
4219
1775
10651
1909
2400
4948
8331
349
4628
5817
6437
2658
1121
6549
8568
10254
8891
2375
5399
6889
10993
1175
2877
8537
396
2515
787
8594
9929
5898
8911
11889
9364
8937
5183
2033
1273
11116
8726
8756
5304
10405
8787
7878
9216
8043
5618
46
5114
1355
1604
3631
10124
5162
7499
3452
8534
4428
1542
10568
9207
5928
5723
11765
2562
475
115
1286
2728
9277
3274
5077
11567
956
9583
4436
3448
5598
4544
7964
3841
10424
6984
10554
3355
11244
3110
4182
1494
2090
9658
2656
6192
1927
6597
5643
10262
3699
7779
1630
6934
2867
3751
5171
1603
11958
9028
4573
2697
11733
196
615
7063
10009
11341
2557
9696
1661
4139
6511
3276
10933
869
36
720
11095
7334
2614
2126
6051
10037
1198
8372
8075
9340
11184
11873
11216
204
2704
2986
11351
9306
3459
1707
4897
2193
580
1686
2457
418
4156
8777
10296
11057
9423
4241
7988
7860
8336
265
10774
5470
7895
2206
404
6995
3164
2615
11684
4458
828
11232
4727
6736
11028
9575
3482
5603
5584
10706
94
342
3917
8690
4451
1753
3543
868
387
8674
5804
10909
2523
1060
1867
7930
6762
6524
5026
9103
5935
1530
7631
1316
7771
11843
4777
10070
2025
622
9087
1493
5059
965
10786
4257
10143
9114
5808
5276
5775
6120
11974
2782
1554
11339
5976
6956
1473
8048
1646
6872
10057
10206
9419
1803
1454
8403
2227
6933
10101
8044
10440
10863
8884
6564
9006
4775
10772
7143
5819
11613
7574
4353
361
5047
468
1770
6907
7055
3890
7561
7596
9719
53
7726
6334
1782
2609
8870
2466
10567
4720
5379
350
8822
11875
6143
11447
9970
4531
10453
4743
8253
8720
6557
1590
9115
9675
6699
9004
240
1291
6774
539
2509
4107
9478
10107
2830
11951
1744
7379
4408
10282
1761
3146
9980
6647
8163
1501
4240
9711
11583
3808
3555
9835
4416
9196
9699
8955
1846
8130
4815
8886
11111
3608
6470
4533
10847
8930
9937
3660
7532
3941
1799
10321
1156
9701
5530
7047
5673
7502
8320
11424
5697
8077
2262
2899
1895
11913
436
6733
4574
10166
10442
3916
4217
3174
1022
11445
9210
2674
6936
5030
8405
11796
339
4042
6222
10526
3850
9781
10650
4821
6386
9451
3205
4476
10920
7645
5640
8481
1421
10238
2428
10557
6127
1528
7231
7933
1443
632
8449
4046
8301
8619
5609
3453
9493
3441
9926
11053
4312
11590
8232
7984
5217
9982
5233
1020
8558
1189
761
151
11859
8693
6424
7939
11436
1984
2673
8961
11862
7666
10078
8680
1904
543
1693
2302
4733
4339
7481
1738
598
1084
9530
9427
9725
10353
4951
9818
1339
6385
5825
2203
2859
3554
9548
8157
4011
9134
6267
4421
8764
1772
11574
8154
9978
1305
10913
8087
10399
8913
8960
5861
6455
9803
8806
9500
7642
1907
6673
10032
9399
4245
6912
5981
5404
1755
10084
5002
9229
6062
3818
2844
11034
7843
3840
7308
10519
4524
10635
9319
7540
2896
7784
74
1091
10722
589
8563
11646
7711
12
2220
4993
3299
2247
6053
2041
3530
11645
11750
8687
10096
4053
1150
9431
8419
4184
5906
2560
5659
7800
3462
6532
11237
4762
7378
4193
9586
133
6942
5243
1274
6275
9716
4306
1221
10361
577
1660
1592
5625
10754
2589
7708
11585
1678
11079
6767
3547
9068
6179
1568
5323
3783
9501
4435
4755
11923
550
10934
8524
1249
7263
5446
11915
5798
6738
2259
1922
8703
11305
6742
7896
154
4145
3229
8017
4693
10295
5108
5467
7959
11595
2502
1994
11675
2594
5201
3123
8472
3199
7234
4081
1815
7806
6778
5954
5510
9074
4392
2833
9440
7516
5983
7397
10085
4112
9489
8242
2291
496
9241
2287
7388
6007
11622
1882
5562
605
7050
8239
11999
5476
8473
6616
4163
9865
10837
10605
9689
10394
562
7663
11522
8367
2604
2638
11725
10745
11575
5687
10881
4401
2922
10916
1054
5010
6554
5257
10120
11110
3085
7493
5086
10365
413
92
10601
10571
10241
2621
4356
11599
6895
9844
4406
2137
9256
9531
3617
5922
11410
10132
3152
5347
9065
1879
7205
9129
11874
8283
10100
7430
7547
7740
8255
6096
2106
6178
205
10360
6665
433
7575
4028
6181
2281
1845
6787
1599
9200
10902
8738
10089
3470
11427
3393
5588
2486
2734
3903
3830
6070
6807
10879
8642
11108
4532
9722
6880
11340
853
5507
6393
4379
4099
6991
5557
7485
410
4434
8881
11393
7239
10576
6392
1527
2755
9369
6318
11157
7706
3171
439
11760
1037
6291
10093
11457
8085
1399
3045
4546
4255
2399
5707
6150
11919
3643
7289
6588
10904
3725
6089
11694
7302
8429
4770
8348
3855
7064
4432
777
8784
2573
4778
2679
9907
5877
1331
3406
11833
9869
7611
62
303
4918
8804
7885
8200
11620
421
11543
9394
11131
5744
5651
3447
8119
1460
10565
11800
11898
4183
840
5335
502
11606
5757
1727
3799
9072
145
11073
3389
7438
3679
11855
1951
3592
8601
9734
3985
2443
3803
11656
6273
10366
6518
924
730
6683
8055
6916
5522
3560
11014
3224
11854
2917
3332
2326
9751
4732
7081
9267
4966
726
7355
5019
9179
7754
4229
9607
5144
10997
8135
4670
4541
4121
2362
8752
8379
10543
1513
9275
4614
9205
3745
3568
11112
7955
7090
10386
6785
9602
6005
4926
4863
10579
9276
10421
3536
2049
4211
11083
85
460
3886
5630
5529
8768
11946
6301
11146
11033
8091
3083
3940
738
3686
6017
8667
773
10099
8912
2851
4168
10992
1300
8188
6409
10971
1483
9158
3002
1050
9283
3094
310
3147
10748
4466
10454
5302
5295
9304
1295
8059
7542
11150
11035
11360
7795
3565
2836
5472
10447
6253
2440
10888
705
5814
8359
735
11041
4321
1367
4712
6132
3910
4264
10782
3597
8064
8721
8425
5152
338
73
6094
715
8240
9484
173
9122
10629
9807
5774
9728
9598
8485
2178
9352
4880
1160
10271
8647
3497
10190
4407
10831
2176
8856
668
5319
3599
10022
10492
3952
11061
933
2512
11549
11582
3728
9406
11196
4940
8293
11030
11910
2723
10275
4852
1711
10994
9943
1516
8612
7177
9192
11050
6111
3605
3154
6947
5517
11001
8081
471
7566
9765
2205
10869
3898
651
1388
3789
11587
9939
2191
1400
10562
11559
11312
7293
2985
7507
11883
9827
1760
4644
2708
393
4803
10935
844
4790
10111
7578
1988
6039
5801
6859
8798
4551
3515
11329
10231
4895
11894
587
6589
5478
8595
7228
6599
3432
7194
11377
4648
2432
3539
10875
4164
7598
9463
7776
10661
8377
4900
9454
1414
5855
6852
5708
5037
6638
5489
913
7929
5277
1556
498
11891
8584
3405
454
7963
7567
999
2471
952
6760
10246
1718
9273
3486
6479
1457
1159
420
6435
624
10606
3128
6828
2086
3097
11036
5811
3084
5444
8668
11256
11009
9238
4866
3196
10616
3694
4872
5934
6075
11056
2406
5506
3489
29
8268
3863
1269
4859
11505
9792
4849
2675
4496
10821
1327
6706
3929
7464
7474
5990
11918
5942
10503
8487
5965
1169
10839
8531
6277
9616
11224
10848
1691
4633
910
7043
11188
4456
2255
6776
10131
6940
5963
3161
7368
4278
11208
10656
3027
1262
6923
3388
10239
6559
11023
9537
4106
1401
1962
8821
3073
3145
5447
7173
11074
11000
10012
2110
9101
8057
5997
7581
5978
5457
1862
6972
4610
1205
6323
11417
6978
9287
9932
9814
8497
5799
6579
9887
3035
218
9714
1587
9261
9748
9870
6567
683
10583
1636
11010
3331
10880
11939
9965
8380
8522
6172
7756
7024
8733
7133
9044
9464
7985
8539
7576
3011
7494
9342
9611
4224
907
8599
9875
6919
2250
6871
1362
6284
2215
801
495
8133
11740
8628
1589
7353
7315
10524
9793
1495
4213
11229
5769
9001
11991
9311
2762
8243
5525
8965
10041
8657
3351
2846
4745
1681
4491
7350
3708
1810
11948
10985
5681
8224
10288
7115
4123
725
2878
5912
7159
2599
5246
2320
857
9111
9518
8774
3794
9050
4756
7760
149
6296
1487
6698
4260
1053
8974
9819
8493
4403
7359
5989
7609
4970
10901
874
3413
11780
6714
2825
5203
7653
7877
8696
9078
5483
10763
9674
672
8012
3210
7742
1397
7659
6356
8785
6801
4835
484
11423
1215
1194
11153
1228
8442
880
11092
10291
9832
1456
6304
6861
3834
8118
8177
3645
5984
10788
9672
4398
1535
165
10999
5151
5187
1411
805
10011
5735
507
2731
4609
8952
11322
7652
3412
3670
7928
4200
1336
8610
7091
5186
10398
8421
1729
11032
4087
8082
10416
10027
5267
638
4843
1222
417
2574
2417
6340
2914
2279
9860
9186
4048
5492
7739
1452
2823
8898
10599
6067
3633
7686
2556
1381
7271
7298
3988
4634
2551
2179
9389
9704
2211
1609
2461
4994
4206
3018
8001
7444
7061
2274
7751
9387
9059
2966
10522
226
2034
2700
8762
6035
6170
9628
10734
9374
6488
3671
8724
7980
1827
3325
2696
11182
4855
3511
88
7962
10289
10771
440
3202
10225
11812
4131
3702
4372
8395
11617
2527
10588
4911
5413
1146
10552
601
10936
1701
8464
11980
8794
2894
5236
8910
4363
5468
11425
1373
9243
10071
1213
4642
3976
9729
6675
1897
6553
11945
5968
6140
212
7034
5523
9014
6099
2366
10817
3727
2988
3119
9577
3953
6423
8636
11090
8688
8820
8535
4298
10063
11301
8924
2496
5581
10620
3022
4924
2640
9969
10429
11611
9824
6147
9915
9739
10955
2368
8022
3644
872
5833
472
1765
3485
3032
6458
296
9853
4704
2568
1211
823
5008
6867
1113
10825
1302
8954
11226
11746
2876
7675
9274
11878
5985
2957
7417
4950
739
3906
2463
8957
8711
423
10539
10164
4414
8902
9527
2736
7405
7949
7073
10233
5482
11105
11471
2764
6078
8411
5693
6796
2548
8145
1659
8673
8454
1148
5380
660
7352
6724
6607
10109
5167
3093
9517
7257
9561
2698
11464
6658
3549
8685
2822
1892
3015
3986
10305
9386
4488
9418
9280
1887
4383
11283
11550
8671
84
11738
4883
4602
772
6346
1652
9723
4953
8205
7319
10752
7441
4930
6627
5614
5033
5903
10598
7324
6290
5845
10403
2529
10520
7859
8730
7846
6689
11531
10633
2381
7934
11450
10322
2925
7
1888
4718
3713
6224
5258
10005
5779
11272
8897
17
10592
9470
5237
2415
3237
11548
2164
9136
11255
8370
4658
3769
10155
11634
6243
9185
6130
10662
2937
10716
8887
6721
78
11299
4294
8321
5378
4692
2720
3574
10481
8432
6259
8251
5665
9483
1066
4354
10123
10377
10822
9263
1902
7402
7647
3222
10589
10000
10680
9054
6628
8138
8735
209
8914
762
10121
11964
6529
3853
4485
4389
3872
10287
6081
11281
2948
10580
5377
5148
11342
6745
2643
710
4635
5412
10422
9336
1496
6818
5266
11739
1314
1309
6644
9462
6741
3791
4968
11614
2063
4351
11275
9635
7720
3233
1311
4996
9019
2078
9482
6743
4589
9516
7162
6865
11411
11976
10278
234
9244
2091
3087
8569
8611
2473
3311
10204
5841
10948
2069
7655
11814
841
4894
10255
11747
1407
1107
5905
11771
7219
3932
2660
10968
2583
2595
8648
5305
10325
7662
2297
11136
2407
2348
5374
5462
1953
2254
5429
10251
6502
7220
9113
5726
5699
9360
2223
1561
6223
7635
9335
832
6255
3275
452
11310
6069
8850
990
10892
3053
7129
9252
4935
11038
11947
5
5789
10199
7093
516
8728
2909
2501
4280
7483
3017
4315
5132
3534
9371
3540
7461
3116
7590
6025
320
3661
11562
6077
3767
7551
3221
7327
7889
11577
4842
7926
2433
10312
949
7697
9514
5952
5734
5092
1665
11379
6246
1438
2121
3772
5401
4030
1416
5610
6687
4036
11474
9204
11904
9977
9393
8905
8300
2943
1385
7291
9971
2865
535
564
7155
645
2314
7644
3810
7210
9898
6342
251
7415
6663
2015
11369
2216
6236
9365
7765
4471
4888
3474
9247
2267
521
9985
101
2187
11866
1409
5692
2654
875
8412
4342
4783
2737
11616
834
9660
4553
8206
9962
5668
11240
9018
10697
3690
9756
3624
7797
10959
4916
5975
7748
10148
4915
1551
1771
11516
7550
7041
2261
10457
2606
6369
5551
6734
9956
1477
3683
220
4006
8551
9519
10990
11008
11270
1217
2900
4945
4650
1354
775
11401
7982
4652
2866
10545
8789
10147
2890
7123
9650
6152
6367
419
5539
4645
654
9234
11927
8629
3252
747
3086
2323
4700
1669
2817
23
4513
635
4102
7664
4142
3107
6138
8991
3385
4702
2500
11123
7232
7128
7633
8175
7089
118
7253
6489
7514
1923
7888
7597
10125
11992
6403
5541
2535
8297
4082
5354
8570
1435
4728
11432
3907
11669
8089
1440
2409
6973
6335
5279
1945
11603
4296
11071
9486
6868
2667
284
6287
3436
1310
7408
2520
8782
4114
5471
2657
2198
7437
2097
3280
1001
5018
8624
11264
10135
2101
7730
4904
3111
2572
8938
8258
4684
10105
1523
11037
3984
6866
138
10211
3946
5427
2483
1025
843
4165
9755
10383
9726
4326
647
997
8971
8962
3802
4857
1623
11972
6577
1627
2559
3165
2100
2392
9976
3653
9452
1218
7372
7914
6938
7668
2669
8036
10326
5294
8019
1003
7606
10574
11900
1047
4477
6827
8076
5971
4038
9771
2722
3439
8213
2532
731
8573
7399
10177
7127
1886
48
4538
8725
11610
10582
859
3871
961
714
3208
6079
1242
6720
1166
6376
4845
3100
1610
5141
112
3684
7832
1349
4597
9836
9097
5938
11638
966
6800
3585
6788
10952
3572
3148
195
11779
1618
10674
10756
7741
6480
6251
7456
6171
2449
5358
3113
538
5602
3040
3137
4382
7394
6682
4276
7230
6341
4986
6442
9804
8197
7166
5879
4308
3720
5455
1869
2363
7810
10510
3312
652
7149
8908
4779
11160
6175
4111
4134
9017
9391
7001
2299
630
11510
7671
5466
2753
1024
10617
8818
1788
4001
97
994
8160
9211
6678
6116
4277
3375
11177
318
485
9529
3982
1713
1735
5398
4557
2962
1784
11872
7086
3528
2184
4556
8943
10793
4810
7632
1836
10868
1938
5475
6359
11159
6874
1152
21
9143
4840
10953
2413
3422
1052
4201
2160
6935
4978
3077
8996
932
2396
7570
3278
7924
2802
5094
10707
5959
146
8378
1379
9339
7060
8596
1469
10631
9905
10553
415
8167
7294
3279
8117
2367
7235
4735
5123
4620
8894
9354
5409
1257
5445
10751
2349
8216
1216
5838
9554
1468
182
9652
925
3506
7700
10279
9217
3133
1313
7306
3522
11520
430
8770
10795
11965
6794
9272
10108
962
11335
8289
9749
9826
7420
1138
5381
8042
7568
8918
11868
8672
6551
7185
3186
8741
5299
5311
8945
7725
9894
6782
1955
4411
4519
5403
1363
3050
5940
172
511
6103
523
10427
11809
2838
2970
11371
941
6343
8749
2847
9538
911
7560
5013
2537
1942
3707
1163
4283
4962
8950
4347
5548
309
713
3345
3313
5405
5085
4209
8546
2739
9712
8410
9223
2354
7036
11906
901
3225
2626
5513
8155
4454
7789
3926
4584
8541
11174
6390
7033
736
8361
9884
10530
6226
11813
11311
9761
10727
3487
6931
3582
2195
3473
11508
3072
2505
4829
1264
9950
7927
5880
9785
8034
11864
11007
5930
11903
6870
2826
3697
1737
2057
10781
5232
10400
4813
808
4731
9126
1944
10277
6635
7409
9993
3003
11682
814
5871
7153
7241
10698
1285
7212
11925
11810
6063
9107
8921
3931
6582
3602
9401
7204
4016
7282
5320
4619
9565
8845
2491
637
1966
3020
10150
2177
5057
11236
4325
6998
6841
5178
6425
6530
7418
4493
11709
7650
7709
4286
2997
11498
227
236
5972
11663
3804
2335
7216
3638
10015
4117
5261
210
9585
4508
8164
9685
366
11526
357
11623
8113
5790
4550
11428
3531
7274
5926
6813
11776
7125
7910
2682
9116
10719
9080
5332
5459
11625
662
1167
9925
8512
11993
6324
2024
8591
7313
11931
208
7792
3994
6860
1715
4665
1615
9305
330
2946
3264
222
3300
1921
691
3239
9509
5658
7436
7892
9356
5854
6071
7477
1106
590
6288
10649
5680
3589
3420
5281
8123
8227
1154
4738
1804
9133
11214
3038
4960
6185
2533
10417
6544
4141
7658
11803
8732
10590
3919
7453
2263
2088
10513
10223
1817
250
1824
2370
2476
493
3421
1956
6903
6840
6963
9720
9895
4827
8981
1392
4562
3814
10841
4826
8035
8968
7260
8490
1321
10883
9883
8284
6535
6446
1719
3201
4773
6088
10602
10575
8637
628
4758
2776
5034
1889
656
9327
9662
1920
6606
5542
4949
8435
11421
3425
8484
10749
8149
6241
796
4507
5220
3829
6410
5364
8817
3209
6157
10104
1925
8104
4374
8517
8666
1278
6061
8433
6058
3838
7039
6477
9555
10059
3287
2971
6271
8204
11686
10465
2371
2256
1607
10704
4052
3943
11081
7095
4586
2525
1312
9798
5143
6739
8381
5415
10798
4963
10758
10010
4600
5439
8371
5778
9605
1796
811
244
455
7556
3964
2355
986
8392
10474
7495
1470
134
3451
5900
3972
11534
2882
8792
8559
6188
1130
4585
10062
9220
5290
10531
9410
6033
4750
5764
4760
11103
10843
6614
1651
156
7701
11399
5081
2510
4890
8750
5179
1550
10060
9212
8704
4129
7651
11084
3102
2127
179
11647
8121
7505
1149
2171
1605
2044
8603
11279
8215
6043
10385
5240
10154
7475
11063
5055
2571
11202
9331
8498
252
9840
9750
1417
8759
10950
6899
8407
2632
3458
11465
3067
10273
5309
356
1190
7552
2162
3569
9449
779
4130
6237
10189
11025
405
9096
1512
9232
8966
2987
1390
6953
10912
4982
2357
5145
6652
2951
7850
2584
5749
5558
4869
4919
7028
975
7946
5661
11189
2779
8456
5014
10049
8459
8801
3756
283
2420
2233
6235
9359
5479
238
4396
1863
5701
8172
5111
998
10812
9917
3800
11514
6463
529
7255
2036
4871
1
8948
6364
6433
7218
5556
6505
9648
3240
1564
4862
7565
4176
6546
8180
2080
1645
6354
2688
9325
3181
10489
4992
1822
2402
826
5324
6000
4860
2593
10184
2834
4369
9960
4172
4085
9837
6570
6643
8635
6538
1424
8004
6454
9268
11220
831
3384
10331
2777
5022
968
1176
10549
1697
2239
4227
7144
3158
3785
8715
148
11640
11792
4907
1569
3392
2518
4096
10256
7687
7038
5795
8018
1058
10367
2460
6726
286
9048
24
10701
4694
4631
11822
7406
1377
6124
778
11381
1634
8552
786
4249
1357
1928
1318
1209
3998
10713
11576
5357
4929
2068
2785
6853
6165
9599
2419
6011
305
7571
10886
4937
553
7573
10500
623
10945
9640
2073
1990
7101
11758
11768
10777
2124
2322
8523
6584
2582
4173
852
1227
5961
4503
5120
7277
3550
9713
5407
506
9315
2305
4910
2310
7673
1234
8754
7621
5386
11657
6921
10236
3302
8511
2158
9002
6065
7717
2539
5540
10369
11147
9429
3374
280
11966
10876
1231
7099
4094
6074
7898
1164
1643
6054
1308
4055
10931
1426
10449
59
902
11027
6849
8837
4350
569
3091
5251
10409
563
7997
7052
3859
6022
6883
4514
2684
11957
5608
3019
1866
6020
11065
10867
477
3685
5747
10460
11416
11268
4582
2313
8712
8120
4681
7109
5229
9615
466
1067
11650
1819
3677
2201
9772
11539
9610
7735
670
6541
3616
6967
5840
10906
11222
3971
7588
10836
8013
2235
2765
4518
7449
8375
7362
4696
6595
1732
1368
8889
5224
7852
11373
9347
10477
9903
9551
7517
842
3301
2379
10550
8675
4012
4931
3434
9259
8231
10989
9320
9095
9366
6516
2226
678
9396
336
10066
11602
6819
10537
11636
11398
2298
8858
3835
1004
11658
9318
4228
1657
2113
3627
223
7886
5599
2569
8272
6717
11962
9138
4938
10201
9733
10222
2129
5626
9507
806
86
4850
3628
10290
2549
9400
1511
3845
11213
1324
6064
3562
3460
10957
11257
2653
6146
3575
6154
9946
11448
7944
5420
4348
69
9466
8350
8203
6765
9745
6102
8547
4314
3283
6613
8127
581
7619
2862
7256
1991
11886
11811
6705
2710
754
3762
10183
3121
292
6076
3443
10907
6771
10375
2881
11289
7943
1389
11271
11729
3376
6795
6012
6114
991
732
5355
3570
9402
6844
6227
3578
1458
10807
6040
317
5712
6707
6032
6195
8686
10328
9491
453
3812
2052
10838
289
5835
6285
8106
1265
3298
52
8500
8811
9687
8714
4232
4739
7434
3915
2056
8295
4774
5899
3390
7601
8056
325
7140
1201
3099
8158
2048
5552
8906
10327
3021
10862
7211
337
11400
9638
11120
7102
6416
9417
1631
8975
8583
1964
4934
955
56
9161
4744
756
6295
851
10627
8333
6046
2969
8134
11914
5944
1552
82
8900
10016
6357
9151
4566
2750
5537
6307
10587
1926
7973
6509
6927
3263
2662
3682
5718
1644
8654
2508
11251
8661
4971
1255
6522
6902
1425
7451
4029
256
6659
3649
10437
5180
892
3059
10192
1094
5388
15
2820
4331
3098
7112
2472
6269
5029
9473
7347
3900
8415
8179
6631
6
5015
871
446
10586
5664
10343
6640
11294
8031
7678
2935
1947
1364
10792
7961
11190
11540
3766
2369
11192
8079
9938
10269
3433
10175
9768
10753
8273
3223
10695
229
1608
6473
1543
7119
7688
2373
5760
10004
6951
915
9358
2591
923
3801
7010
2013
10648
11013
3590
7338
473
9278
9842
2757
6989
5351
10265
11080
883
1795
3191
1844
8011
7563
2963
1455
10209
6321
5518
8994
5325
760
7498
9708
6397
9499
7432
7497
5600
5493
847
7148
10939
4475
3742
3879
610
708
596
7634
8609
5544
8065
6183
10690
7922
10130
7862
9055
10115
6018
8893
5949
4073
3899
7386
2974
9667
8556
2009
3796
3104
5073
10787
10694
4409
3759
8772
3042
7624
9373
324
5896
5117
3974
4800
6118
5136
10600
659
1911
11480
4722
5717
7755
5809
2055
9109
8549
3618
6201
2286
6302
5918
7068
3895
4680
11277
464
8588
11492
9540
6576
4838
5962
863
9893
9631
2576
10866
1223
675
10285
4542
734
4561
7361
1723
9505
2236
7195
1447
7466
10026
9947
5406
10696
8221
11557
3755
7667
9425
1220
3155
1633
8413
9187
8058
7452
8360
3731
11736
10122
10570
11934
8882
8111
11673
2760
7978
8999
2438
10859
2230
2807
5337
11789
1427
11824
627
7146
1857
6276
7107
7677
7455
2893
8086
5150
9740
1079
10391
9988
11612
11135
7268
8384
9476
4252
2186
5920
9999
10426
1485
3082
929
3894
6351
3255
1649
10679
2702
11984
312
9831
5095
11245
10747
6208
1520
5215
8229
5268
2550
1769
7835
8128
4462
9350
1352
10330
6330
9584
4603
11689
967
8376
1674
2202
10351
5390
1941
959
10558
41
6630
922
8074
8390
8576
8995
7181
2831
2856
8326
1668
7307
5862
5682
7336
1840
5004
7248
11909
6837
599
6621
11749
307
4337
798
4218
9150
10354
7727
10260
9935
5382
7285
11751
7296
5627
6373
193
5579
8280
4565
11456
3730
7983
7249
3044
315
3710
1277
5054
2222
9574
9856
8836
7950
4784
390
3293
3736
4220
9056
8803
4517
11529
11784
3214
1005
4066
591
5751
10110
1903
7728
2827
8746
4420
5620
9296
6460
10882
7310
3874
11309
10215
2152
11578
9000
170
9556
4876
1442
11797
10870
10715
9413
3676
6882
2077
9008
4640
11176
3963
7377
8274
9913
10263
9344
7736
457
3672
8555
5520
7480
7752
11832
9381
4216
9904
7320
752
3896
7577
7356
8207
8438
4138
6049
8322
8778
8658
1412
8292
5888
2257
355
9774
6620
10261
4925
741
1391
8338
7383
5834
5569
6476
3642
3505
4864
783
1852
6932
1666
7023
10638
5660
3820
5561
6464
9764
5784
8038
2401
10723
10785
3204
3868
10463
10572
2759
3197
6569
888
4098
9446
9403
6519
1063
5641
1961
11358
969
332
1764
9715
4135
6240
11950
180
4523
6355
2071
8051
3326
7811
11066
365
8173
11201
6286
5648
2053
5995
6428
11287
9390
4097
9834
3188
3726
10428
2343
4721
2098
10900
10180
11726
6333
9974
5501
9442
5494
2027
9936
7893
4292
10721
2283
5802
8005
5234
6149
7956
10518
8108
10284
6023
5724
9900
8208
1943
2600
8977
3927
3959
10857
4613
11503
7224
7400
7156
6166
8349
4152
11449
401
11860
9003
3122
8795
2911
4448
8418
10419
9154
7265
11451
7288
3134
7490
11276
2485
2224
2116
8972
6085
1841
5580
9641
11742
4812
5536
2819
5219
6483
11681
7541
8471
7683
4262
6833
11834
10981
9578
3387
5860
1832
5437
10954
2770
10171
4905
5843
11556
1986
3632
5283
2705
10926
348
7066
11987
4205
2450
9940
9361
1709
813
557
3786
10
8286
6379
6254
7954
3014
666
3825
10466
5116
10412
301
2540
7905
1507
1346
9197
7026
5601
10628
10509
974
6590
8869
2789
4607
9671
177
9405
3253
4885
2498
934
2229
2194
5025
6798
943
5174
11652
2251
8695
2430
2990
10652
4322
8066
5847
9609
3371
7691
5197
8722
9694
11553
197
6326
4655
6527
3095
9502
4144
3428
7295
784
2814
1537
3732
6180
8763
11802
3558
8480
11318
7329
11051
2580
467
11265
11115
1088
4851
261
1499
9173
1853
8382
3243
8572
3149
6680
3611
576
2895
4682
11515
9025
4273
9880
5331
11441
10335
7369
2062
2984
7656
1015
8153
8582
7534
3265
9801
9351
707
11544
10315
7710
10333
942
6565
6805
2989
1151
10272
11106
7721
2422
4677
7132
7407
2952
7163
1492
4685
8936
11315
11501
6097
7465
6205
1287
4445
1981
9730
11598
8339
9820
5884
4299
9046
10736
2228
8519
370
108
1548
2002
9233
481
3150
3477
11849
5135
5850
9379
3757
6653
6847
3341
10030
8098
3305
1547
10410
7951
8616
10996
846
4828
2926
7264
5986
64
3479
9769
7014
733
2023
2806
1572
4730
1087
8849
6045
8873
11588
6108
7693
2134
8626
9015
10387
2019
8430
9426
5711
9995
8613
4776
8165
2411
5495
8337
9169
2398
6618
6294
9692
5133
3394
817
2519
1642
912
950
5792
4819
4540
3159
7272
7176
3655
9038
7435
4386
6331
8989
10517
10086
7404
11563
2037
9253
1742
8684
9432
6624
582
4
7145
11434
1289
2524
2956
3880
11280
231
4530
9914
1229
548
9495
2425
4581
785
8383
2081
7467
6770
11107
4336
371
4621
11651
10986
7729
8701
11197
5228
11712
10253
7537
9098
1790
5322
9032
2453
6960
9614
11384
9757
6145
3090
1585
1689
10744
5615
1378
6681
11791
1027
11389
6637
5574
9848
571
2982
1873
1115
541
11648
7044
11043
7021
4159
11887
8303
4500
3577
6194
10160
9828
4269
10905
3761
3819
2446
11325
11363
6382
4616
10623
7309
3039
10885
4127
11485
137
4811
11378
11031
8071
444
9503
7182
8520
2681
5759
1326
2047
2403
11345
8355
10159
9669
5514
8700
5021
368
700
1251
2311
6740
7007
8356
9105
1236
8069
7312
8554
10038
9622
681
5763
11908
6264
11267
4474
2991
1350
8691
1474
5739
8743
914
4612
7346
695
7197
3396
6316
6106
4521
2967
11317
5780
3258
6520
6975
4284
2332
10073
8503
3733
3532
1794
9581
10637
4637
573
7340
11321
11086
2190
2331
431
5921
2649
7273
9343
11357
7333
4984
8622
4301
8638
8373
8262
2218
2848
3760
3069
7275
11959
2120
5741
7011
1814
1280
10176
6793
560
10624
132
1315
11419
304
6298
10915
6450
9284
5828
5526
6366
11524
3981
3081
10319
8538
4679
948
3358
3350
11303
4422
2628
8424
3362
9570
8244
10619
11808
6257
2981
163
5247
8266
1639
11173
6831
5761
4698
54
2329
11525
4570
10499
10197
10615
5271
11730
6398
9104
2032
6790
4065
10972
3962
8305
3833
8980
640
8587
996
10352
8340
8184
9188
5346
6987
4072
6540
10264
5126
6199
5118
6639
7796
3195
8151
9646
2151
3909
6210
6957
11026
10534
4275
11674
7004
1184
492
1358
11016
11193
6214
1670
6727
10647
9506
2655
9157
10958
438
7699
6748
6080
5714
8265
2887
10808
4979
3700
2888
6169
2039
7032
9706
5688
5800
2241
4212
1816
8478
10498
6310
6029
6160
709
8489
10382
10113
9979
7965
10681
6777
10962
5310
1366
5943
6815
4437
8049
7557
3847
7229
9474
10219
742
8450
3816
10266
2941
1576
9176
10224
2458
11453
5826
3827
287
4961
8102
1261
820
10274
10930
5867
2464
9542
2159
6233
9005
7421
5408
5509
4717
4912
3336
1598
7731
5474
11775
11985
1172
7993
5849
6612
11308
6322
11921
2204
10393
8281
6384
1557
1105
9817
6159
2889
6350
3912
9194
7252
6930
214
5994
10020
3118
4185
701
7051
7214
6625
5432
9112
11724
6459
6918
2741
5565
10597
2797
1296
1850
3715
1830
4215
574
2921
600
10528
340
7643
1987
6220
9737
8932
6892
6467
11452
7900
5650
1620
79
6491
10612
8181
2999
917
1129
10546
10450
1974
3507
6737
8142
9891
5452
7775
7190
11997
3187
1072
11254
4831
8310
7559
7715
509
8651
3306
6265
2293
3494
10730
951
7247
11837
964
11353
33
10227
6962
1429
10187
11655
6816
10362
1606
8090
3612
2879
8736
6642
7648
5597
9436
6983
4103
1997
7029
11721
1171
5486
5430
11858
2886
316
1600
5000
5571
6946
1212
6858
9457
9742
696
5129
3273
545
2514
5369
9139
8865
9896
10286
2993
1155
11128
4891
7323
11320
8387
4258
10218
4753
7887
8532
1009
982
4424
9871
67
2832
7788
98
10232
3979
2642
1434
6405
10762
575
3822
7681
2744
1131
1449
6829
6462
7287
7443
1647
8751
7904
331
4461
1722
3947
93
3716
4899
3990
8923
8032
757
5421
9508
11667
7976
7830
3538
9310
1317
7638
706
1861
8328
7215
7762
5318
6761
1450
3514
11497
10750
6407
8174
4952
10980
6420
927
1281
1694
5198
10455
9057
77
11068
8634
2552
6197
3357
7142
10511
7357
5497
285
8939
7018
10345
9221
3938
3798
8986
2132
5547
5596
6439
5684
10338
266
8147
3970
10229
11443
7217
6563
6006
11819
7314
6781
5289
11979
978
11995
10711
497
3691
6596
8027
11185
4861
8176
3851
10700
3172
2516
1708
3748
3319
7866
5875
5555
3192
3259
129
6440
4889
5072
3620
369
4595
4086
9693
3854
1540
1967
7504
5414
815
6215
7233
5007
7549
10767
1611
1710
3268
11049
7416
5911
7303
6190
8659
1880
604
3945
5857
2423
7970
972
803
10791
2531
4077
1017
8140
10718
7094
11734
176
4208
269
3492
1980
76
8467
5604
6266
5350
11077
9794
10951
9155
4846
6206
2065
11632
1698
5736
7906
2210
2139
8092
1369
11670
9533
3784
211
7840
7174
3296
5182
4661
4563
10829
6611
6556
6671
11352
8843
5670
6308
40
5431
6107
3579
10119
1881
1617
10805
3254
6395
11169
1045
6168
9777
5140
11039
3923
3714
11885
6521
5622
4832
1573
9209
3352
10937
8846
5338
2719
3930
10671
8434
5914
9262
8406
10960
7458
28
10663
6690
2854
4699
1419
345
107
9326
603
2787
4933
4250
5713
9024
2429
5285
5910
4037
8956
4759
1462
4837
8931
7017
5550
1062
9717
3323
9395
2874
1664
3870
11778
606
9180
6601
2072
1040
7766
5807
781
7882
8727
8627
9195
11955
4394
2441
5308
989
11988
1441
8600
7861
10156
11230
6438
3815
11943
5656
6891
2397
935
4247
9608
9718
8248
9045
7875
8729
11438
7473
8755
10852
3416
6629
3057
4313
8944
1626
3948
5441
2703
11580
6863
525
6044
9968
7778
11905
68
9783
4367
6028
3493
8745
4060
9368
10965
1195
6441
4909
8592
7139
3343
6898
8247
4410
5642
11759
6268
9298
10329
1068
2670
2906
7266
8285
8606
6353
7857
8842
6504
4643
6059
11144
7170
3654
4328
7203
5259
9291
11113
4908
7901
3588
4847
1834
873
5553
9727
3862
9135
11710
1290
5568
9927
5049
5301
8564
7080
11121
7311
375
9357
11319
4887
8003
448
3688
11102
5248
5227
11836
8710
10911
2082
2426
2947
3885
6817
510
3737
4198
1726
3322
7603
5146
39
6977
9437
1508
4137
1070
903
8166
5023
6375
5731
10081
10738
9085
2933
9912
3418
1199
10033
10478
8254
3567
3140
5882
1858
2745
1090
8439
9031
3236
3613
4716
11355
3849
8129
3901
944
8839
4656
6523
11519
8697
7829
6959
5419
11242
4545
6198
10406
5043
9782
2998
2799
10207
426
9181
2477
11777
5937
11127
8864
11830
1829
850
5384
8885
2619
4486
5256
8676
7186
7665
9338
1648
11851
3291
7009
11466
10840
5131
11054
3346
3583
2959
2174
1570
6732
61
10193
409
5890
199
1637
7427
6758
11899
6885
7845
10516
1877
3873
4708
867
10433
5505
3010
10408
11695
7803
2317
381
10740
1978
1406
7995
938
11564
7237
4973
2495
10293
2936
4133
10564
4626
2701
9874
11541
2125
11175
5097
11461
5058
5372
6929
5155
8094
7774
70
3924
5991
10001
8731
667
3517
4079
11671
4672
10854
6508
11458
9051
32
4297
1114
2427
4497
4300
9250
8833
1475
5728
10800
8649
8030
4691
11741
11971
4764
9579
4104
200
5225
2249
3330
6066
9073
11767
3215
9035
9981
1588
4601
2979
7187
5917
8779
10415
9333
9668
2924
201
8859
7579
1654
2169
6835
4084
2842
3495
3928
7104
9535
6528
2687
8521
2730
4189
11795
11933
7012
4627
8323
1307
11181
4569
7738
10595
5192
2385
2008
4706
1393
3652
2536
6824
8545
770
1207
9170
9082
7284
1756
6263
7847
8783
9612
10969
2114
2207
8834
9572
4825
2289
8199
718
4729
465
8830
11422
3061
11495
11158
5554
206
3999
8831
3227
2209
2690
10929
8332
7178
2497
2786
1721
1747
10693
11005
7712
9621
1197
2766
6002
2919
9248
2242
1801
1437
11122
5080
8462
2835
1081
9007
9279
8304
9314
7322
7188
4608
9541
5194
6909
3359
7935
4802
6657
1931
531
7853
6992
3106
1970
5646
8096
2624
11624
10778
10247
9951
3066
5980
987
11168
5750
8988
8740
6151
1656
7521
9439
5666
6101
1104
7994
6468
8482
8840
4309
9513
5613
7987
2748
1451
9647
10593
4785
2843
8211
11489
11195
2694
8579
3207
588
612
2484
10678
5040
9189
5690
10138
6834
8617
9323
10072
4333
10703
9480
8495
838
8072
5732
7472
2749
6230
300
4526
9789
4261
1672
6558
6313
2808
10483
2361
6752
1423
8505
2404
1351
9411
7773
8196
836
11911
1563
7065
4239
3973
11085
1975
9686
3267
5424
3037
10300
3610
4928
1971
3629
4251
643
7124
10133
42
6645
8788
3427
3377
1969
4155
6421
11528
697
8060
4726
1370
6875
10347
2544
5249
11532
9986
10235
5360
1704
11912
9183
2316
11850
2467
1006
395
7031
5344
233
3703
1342
9421
2115
2735
2304
8366
4204
3844
1621
11100
10897
7526
6562
1724
9963
2221
10472
1157
10002
7599
804
6961
7558
703
515
6336
2839
2470
9227
1109
5815
8006
1445
8758
2727
7508
1952
5635
6014
8125
3089
3475
1049
1503
9242
8414
3869
4393
19
7902
8890
3780
6365
10923
11660
8270
674
5383
482
3290
849
9624
7587
8391
11633
11711
2043
2042
1320
6654
5742
8267
6517
1098
5075
6003
10420
7424
4468
10646
8073
2454
2565
9131
3787
1906
4870
4798
11865
9288
7070
5046
9282
8716
4560
9119
7867
8329
2
10024
10768
759
8776
4766
5020
6893
3297
10185
6279
87
272
7805
1069
11869
4501
2910
3013
6547
10017
11354
8477
6244
109
8644
1444
11273
5345
10645
8747
3282
10596
3135
10152
2474
10129
10924
4295
2521
8428
797
609
6661
2051
1602
3581
6603
10308
3005
5924
11101
1490
9795
3284
1010
9156
11052
9767
239
837
1779
10163
7198
1034
11499
8530
6219
1851
2596
11207
9910
7283
5619
8162
2309
8650
10490
6142
10496
10653
8976
2623
353
5139
2272
2265
7419
10832
4629
18
2499
9613
5887
123
2677
1521
1529
10660
4246
717
2961
383
7680
4007
3285
10654
6656
8358
1080
5252
2504
7793
5327
4271
6789
9957
5812
3410
1787
11847
3472
11604
7030
1380
8927
7035
11022
2469
10240
9881
958
3031
7744
6456
11390
7445
5885
2212
100
6634
7049
11167
7343
7967
6896
6924
2850
1749
4686
7138
8068
10423
8946
11278
5743
546
6262
2897
4093
2150
1614
4510
2237
4039
11376
6317
11888
7304
1140
9375
5440
11296
8744
7979
9839
10276
7562
5101
1238
3068
1579
3478
7519
6986
8016
1766
9568
4064
665
5941
2793
3861
8362
7992
5632
11385
11554
3658
3079
2170
11125
7864
6667
10172
3238
2849
11200
10471
2602
1258
981
3521
9673
5477
3391
7374
5577
8992
3839
11926
11949
326
4481
5458
1918
1279
9569
9906
7613
10034
9511
6592
5134
5491
3220
9108
4587
10441
699
5400
11029
11088
5973
1048
7623
8342
192
8126
6823
10657
3552
11782
2414
8719
5585
8402
7201
845
8050
854
4234
10401
1465
7714
7716
6218
6783
7168
11058
3980
4651
8256
7649
5083
9587
9657
2610
11861
11047
5947
862
11484
378
3058
7395
2376
7221
9867
7191
2435
1168
7968
4920
9106
4231
27
6545
9067
3509
10967
9458
5644
6988
8136
3832
10356
9833
6123
7873
7921
237
3070
9027
1960
2142
11845
10823
1514
11414
7820
11003
9625
6449
10473
11334
8150
2478
9666
6134
2284
2980
11162
10318
11359
5112
9415
10887
926
3842
4946
6404
11044
3504
4302
7966
1161
1793
2570
1500
6041
2713
11897
11161
2264
9632
11306
10757
10544
11241
1891
9571
5863
1939
1179
2633
8417
5633
6370
7536
1299
11783
11119
3735
11143
10479
8640
4875
9285
7600
2342
9245
1282
8252
11191
10208
7998
2128
3321
10984
9850
10760
10452
3937
2145
2118
4893
11517
973
6016
7909
11199
9563
9644
1097
7111
5528
4506
6234
5694
8446
8282
1635
9760
1716
7527
9020
7126
8767
11206
4874
11478
9040
7880
2154
1677
9228
10773
11683
9146
11571
5756
8901
1101
1497
2927
7317
2031
3848
10533
5929
3318
2234
2620
3429
10827
2028
10578
3244
8515
5865
10035
8486
8706
1403
9523
11609
4999
6648
7627
11805
11631
3247
10790
127
4769
3131
10943
5533
583
1180
6735
9043
6820
669
800
10484
10741
3138
10961
11426
8223
11687
8201
8533
2743
43
2772
8131
8548
11666
4265
7486
11154
5740
3738
10476
346
8469
1581
1268
8148
8857
3527
10709
7454
7707
11248
1546
5006
5245
10128
10683
10551
4109
6913
6696
8463
7520
4151
8825
2319
11672
3189
8226
3813
1267
10801
8590
3206
11130
11406
5696
1736
4279
6543
8621
5872
8474
9258
4787
542
3914
384
8396
7948
10349
9355
45
1071
6371
1725
9664
7092
1963
3949
9164
7722
7171
5746
3719
2506
2685
344
3978
6510
7733
8222
721
794
11171
5286
631
2699
3424
8334
2388
848
4146
224
898
11439
9681
3739
551
3584
1876
8033
3490
10299
4833
4272
7761
7669
2913
3157
2480
379
10039
977
2873
4378
435
4786
7084
6283
8052
11916
3778
190
5878
10699
10820
2798
9231
2732
9512
5685
5460
6626
3303
11552
7745
11082
8191
5796
9588
4534
2692
3423
6825
7236
6328
11829
7940
5617
3235
6436
4789
11387
6857
6619
9100
3213
1056
1995
10047
2074
3324
8264
450
412
10313
7903
6850
7488
116
3533
608
7931
11703
7403
9289
689
3408
9167
8161
839
7844
8525
10451
11500
11405
140
7767
443
4689
4765
522
10297
10780
7839
11020
10925
2960
5206
753
3897
3190
10023
2026
8276
9309
6668
9858
9846
6884
4049
8916
3281
3212
751
11565
8210
2709
1200
4068
3063
5078
11166
480
884
7838
7103
8574
3607
5297
4528
6305
4794
8307
8683
1136
7737
636
4898
8868
4115
202
2157
4625
354
9376
6163
2810
4688
4767
8550
10350
1996
2645
1812
1913
2726
5621
11714
8915
3634
1868
1696
1531
10844
9924
2648
5035
11708
4118
7413
4687
4482
1905
567
9591
7375
9545
3096
126
10630
306
9600
6368
2386
6901
1276
2581
8863
11986
2788
4964
11203
8662
4917
4450
241
3996
7321
243
4596
1821
1029
9553
7223
3316
1946
4344
4956
4000
5122
6763
7646
10008
9089
8291
6447
11560
10737
11570
2587
2054
3544
4747
8781
7358
11330
9293
3669
8871
940
9120
6754
549
4143
10112
2588
993
5873
1463
10114
2775
8646
2617
2084
3637
372
2079
4781
9388
9125
8014
9702
5852
6641
2096
11328
979
1733
2481
3444
11820
5070
6216
763
9659
4772
6232
5433
5300
7098
4465
11537
4304
9030
2050
7286
5919
2868
2087
8580
4105
8423
6133
6722
7974
6879
10667
7447
7723
3843
7553
686
11785
4400
1478
8713
7468
6121
11511
856
5498
7969
11243
6876
7439
1740
2307
2117
7482
2916
8246
6057
376
8702
8288
4818
1402
3512
9604
7193
6746
7763
611
8633
9066
6248
4848
2805
1901
7208
7428
4248
7179
9010
788
1632
3476
8363
9295
9560
7431
5897
113
7750
7538
9224
6426
6329
4761
10764
6784
11523
9821
9477
8694
7478
9330
6679
6430
7040
1243
4724
8660
3466
616
4267
7261
5593
1562
1774
9337
6704
7106
11744
3795
9562
38
6309
7876
11892
11781
2338
10194
7615
7513
5060
7871
10560
1325
6320
11300
2554
1120
11699
10061
11152
10381
3185
8518
10006
3541
1751
4754
8182
9984
2665
10988
8261
11715
247
8314
2199
8669
4736
2902
9130
4714
175
10585
9736
2803
11304
4457
8501
6139
187
3771
6945
3687
7823
9172
10217
9016
11129
1582
6245
5886
290
5352
2616
9690
829
3
765
4373
4044
10226
432
1244
8008
8997
4990
7530
9847
11798
11139
5765
8665
7759
4390
10493
10669
9806
2992
6910
1979
5172
11680
11064
416
6636
692
11015
2021
10443
11637
10372
1178
9117
9829
5791
8492
5794
3175
8100
9271
11982
10851
8718
9416
4902
7854
7618
7523
3765
7999
10835
5213
3051
7370
6660
895
6560
5009
2155
8441
6348
10884
6167
9447
5960
9202
9766
6110
8499
11735
5127
6486
7059
793
7543
6363
9058
6832
8734
5587
3723
4814
7462
9083
8562
9683
4955
9235
1580
3126
7661
7067
7804
728
7981
10237
11527
1102
10378
5776
10102
5196
1823
6093
3797
2290
11581
11494
7884
2337
5434
216
10470
6514
2141
4469
10789
274
5160
6980
5945
3559
10461
10632
1728
617
6072
4225
9987
11002
1125
5254
1420
7702
1638
4057
2148
5450
6261
9398
2122
11238
5487
5230
6311
8808
11879
561
3698
3729
11664
2092
10668
5589
1743
3226
807
4305
3774
11298
213
6836
3178
10665
104
9093
727
3034
9239
2296
644
10858
11473
3200
11138
9645
4653
11871
11444
1461
131
8202
4417
995
11731
2768
4181
4043
1481
8737
10158
4319
9349
6312
4254
3419
4017
5488
10830
4579
6566
6674
11487
9435
3925
9886
9885
6575
6670
10826
1601
10341
3170
886
11893
4063
11019
9443
4387
1992
8483
9679
314
8465
9383
9975
10991
3749
6496
4854
8872
10949
5067
3500
9141
10210
6034
7118
5269
8401
9876
5188
3025
6974
5623
4171
7360
11413
3860
5045
8631
3781
8903
8344
10505
3364
7790
9815
1078
6686
1900
3904
3828
10139
4763
802
5836
11496
11462
2714
3824
10729
694
1143
649
4125
9637
158
4015
1838
9290
1153
2950
676
2526
6688
2915
3696
2085
4646
3234
10374
9601
178
6943
9655
2641
9047
1655
7342
5931
1667
91
2416
6982
364
11835
6008
11295
4170
279
9721
4932
5336
6812
1870
6231
11722
5866
1700
8969
7539
11546
6394
11404
6906
6886
9404
9753
7496
6881
1196
5958
9697
9557
4674
1433
1924
8655
8895
1958
374
4150
4291
10577
556
2395
10987
6708
5772
10538
5560
3409
11011
1041
3105
10732
9434
11876
8317
4425
6306
3960
5199
2566
7582
3995
10584
8054
11536
11936
1275
5677
5138
4748
6694
9237
1374
3499
10214
11178
9921
4668
95
3397
6193
11512
5591
5365
8959
5531
8670
10877
6136
5250
8608
3016
559
2711
2144
4366
9292
1260
8860
11218
6347
2861
11806
10098
11024
11635
554
5107
4210
7088
6010
743
4981
1065
7027
1989
1731
11467
6703
9882
6498
9174
1089
11535
5156
10161
7849
1177
5418
8757
9461
203
11109
5594
6092
3884
2465
4214
11627
2482
128
5595
385
4695
9219
9688
4092
5783
7349
7855
333
5159
5208
1843
10978
8815
334
1752
10358
3614
6411
985
4483
10614
9552
1565
6842
1536
5106
9145
9522
3457
11383
764
6381
11486
10332
2586
1057
7510
11204
4804
4623
1616
9738
10170
434
5438
96
9321
10048
7685
4067
2513
3246
11953
7936
1043
7062
11973
11284
10873
3502
7827
1768
11702
3724
4108
6332
1453
9746
3151
1683
3402
264
9225
6377
11375
11370
5395
9088
4757
7689
5031
9525
11333
6525
10371
2783
10431
5755
7856
1036
10425
6212
7977
11996
8760
7002
4593
4499
9710
1431
11579
10853
5333
597
9052
4148
5793
10444
10776
8934
586
8565
532
13
10927
8861
10944
5771
5628
2271
3261
3526
7158
9255
1142
3435
641
11250
9916
2954
10708
5044
9153
2493
9
4235
789
8299
685
1745
11337
4903
5428
10051
2547
1885
7341
7572
9408
5700
8451
3398
9741
6855
2275
10074
2131
7636
6718
3230
11126
508
4089
135
7087
1127
1204
5698
8800
6914
4009
3041
9567
3594
2729
4539
2949
2133
3934
4896
11172
6573
11348
10092
3641
1622
6672
11940
11327
5426
11374
1954
11488
5502
5818
3142
1658
2270
9118
1077
4536
7640
2225
10134
5190
1559
5173
9149
8681
613
1685
3826
3556
7206
11227
5932
9546
7072
4203
4071
7075
7912
8324
7670
620
11807
614
11418
894
602
6478
2333
6036
8899
6109
6047
909
7564
89
4045
8352
5280
11755
1173
8847
9759
9301
1624
5543
3141
5824
10918
5207
6209
11668
2871
11133
7533
6581
1340
1789
3317
470
5164
1100
4853
2885
7781
9362
6920
565
3905
1826
2590
10908
5657
5979
183
524
391
319
4822
4715
10384
6338
769
11323
879
2245
4033
6200
5036
2208
514
8110
9754
11469
4270
3709
9989
3173
9775
6716
11551
702
4489
7584
7785
5376
2561
5647
4359
6791
5110
6928
1502
1329
5184
5831
7769
4943
1192
347
2664
3846
607
4256
8394
3987
2627
10438
11165
6119
2308
11223
9665
11060
5113
8067
3548
352
11846
5373
11815
10050
11677
5314
4690
343
6389
3674
7000
488
7824
4892
8023
3773
4062
2394
4358
8978
11392
11547
1137
4088
2490
1898
7836
11983
10202
9372
5464
3184
5210
10336
4548
3386
8692
4253
10898
7625
3334
11212
4323
2456
10430
6600
11292
11228
9997
9636
4303
11261
4511
474
3913
3525
11415
8985
3177
11433
10068
1593
5480
3542
4076
3513
7005
10977
422
8970
2567
2618
3718
3109
10816
1702
5448
3219
10495
9300
7463
3586
1757
3292
10149
3417
2503
6213
3823
11446
11770
4440
5904
4664
9603
1410
4169
9479
6969
1935
1811
11591
2489
11361
3856
9996
2860
3114
7626
8964
5402
9543
9286
2597
7522
1304
4330
8705
5195
568
1714
9420
9966
313
9062
11344
7184
3232
2978
3666
11402
10691
25
1762
7941
592
11821
10146
3463
4549
4947
11460
7947
10889
1322
8557
153
8536
2837
2444
4954
4944
4515
3553
7429
9060
5752
1509
4324
2975
4801
1323
9868
7222
11545
10914
4464
6112
8630
11367
7682
8311
740
3975
2976
9732
6249
6585
4154
1301
10018
7703
2347
679
1835
4552
11455
5874
809
11937
8279
2691
11584
5394
1372
3650
528
9629
6501
5915
2295
1039
4868
4647
142
4174
9346
9385
281
11818
5889
8967
3455
10755
10141
3033
8234
7676
5061
6314
10529
7814
2252
7593
11179
3563
9069
2511
10964
2391
9378
8707
9911
9334
150
8422
11839
2280
8998
9747
8823
1594
4289
8805
3314
6780
4238
11098
9619
8385
7078
2622
6744
2183
3407
4361
7056
4710
6677
9576
4177
1396
9140
1245
10323
8513
8929
5868
7276
2964
3071
8460
3775
1688
10625
232
10941
11766
8025
5545
9784
4577
2384
7787
71
9549
2683
8766
745
771
11388
2011
5066
3400
1008
11117
9236
5839
2661
5288
2528
9762
3088
3309
10973
125
4236
9392
8589
8502
10314
11558
6402
1232
2246
10080
10456
10591
2149
437
11042
4878
1625
3193
9159
10799
945
4178
4662
4487
3968
4074
10055
8183
11530
2912
8341
6358
1035
8827
864
8399
10346
11186
4941
5532
9582
4158
10508
9990
5341
6593
5093
11282
2725
8040
8037
8748
3956
1883
716
1250
6552
3251
5810
3065
11346
7196
3551
4031
4032
8540
9953
8444
5391
10259
6374
8026
897
1932
5292
750
3289
4051
4196
10436
1319
4368
2905
10075
7300
10249
6873
10686
8218
2707
10342
5223
11046
7189
3368
2007
8618
2625
1628
2631
11326
246
10056
5946
4427
11698
1202
262
2534
7990
4202
8862
11249
11055
9851
2637
4128
3701
3295
8510
1225
9433
11716
11944
6252
245
7783
7815
10162
6466
8814
9042
6655
4122
3734
4013
7894
11394
5238
11097
7487
10833
7037
4443
10242
9967
9661
10307
3667
5721
9651
4124
540
6958
8115
4980
8982
3125
162
1365
6712
2553
2944
2541
2001
253
10921
3176
58
171
9627
2066
9808
3510
1517
3183
7332
9515
3415
11863
9597
10014
6499
10079
1676
9249
2756
1182
1539
724
11336
11380
2219
5051
9171
919
7834
671
8455
8983
7674
1259
1717
7096
8343
3162
11713
9897
3026
3957
780
6755
1872
4564
1690
2795
3865
947
5052
6811
9972
7616
1748
8097
8620
11629
8984
2758
4233
6725
10803
7952
2613
2341
7373
2022
1116
6280
2592
10054
3484
1807
8306
11164
2923
5214
11998
3144
9805
10389
31
1241
225
1145
1126
9643
7610
7398
3753
458
6362
2791
10076
3721
9528
9786
3062
7471
2359
4167
7654
7079
5516
2099
5084
8828
687
4865
11882
10302
6964
946
2761
7391
8132
7724
10864
7595
5321
10783
5856
8909
11653
3272
3619
2434
4987
5353
3609
889
4019
512
6019
8287
8
5894
2105
11654
11827
10317
6887
1398
7365
10157
8578
9329
8585
6713
3339
1505
10396
1284
1871
311
2175
8249
6176
11134
1936
2083
103
1571
6580
11089
5998
10555
4381
4594
10344
931
6999
4132
8298
4958
10928
3372
4352
6204
500
1283
4180
8318
3411
5709
1174
6148
1479
5265
5091
5189
11848
1703
1915
10044
5330
3074
9948
5987
2931
7135
8799
2412
8170
10712
9127
8835
7890
1271
11069
386
6749
10097
3366
890
8024
1139
198
5454
9866
5893
8775
5463
9297
2094
3004
7528
11356
6911
6702
186
5803
885
10186
10167
5473
11594
8437
11476
8319
1896
4399
6174
4578
4976
228
11956
5124
11601
9147
9450
6031
9424
6851
2108
621
2824
11156
6764
11542
10874
7972
2103
4817
6507
9862
6701
7546
5638
11566
10488
8346
80
8015
8575
799
11754
11967
2107
8679
10525
1448
2387
1786
6475
11838
8088
812
1076
1019
10603
4423
4771
11757
9182
4719
11881
555
4438
6490
2130
2972
2040
1874
8190
276
4268
10806
463
6948
5484
3997
257
4430
4095
8979
10252
6691
9731
10797
4707
6087
5090
10502
2845
2724
5119
7003
1272
2907
11761
7813
9485
4921
2543
2995
6731
3537
2778
11977
10536
6352
11006
5853
4041
1663
4397
8853
4364
3864
9071
1135
9676
7326
3566
2012
7913
9961
11491
6926
11717
3911
8290
7604
10919
5511
9992
6177
3831
5745
3217
7684
7705
2452
519
9695
3878
7826
1929
5417
1413
2517
11506
3414
9496
8698
1099
11621
11040
11745
3657
3120
2344
7425
10563
4780
7743
9312
10894
2740
7833
3665
7278
291
10644
1096
2853
7422
7280
9952
10368
6153
7411
1778
6542
9090
1982
2244
900
7780
9593
646
9863
4535
4345
9955
9226
2942
893
10677
1306
7292
11626
5367
2953
2462
8000
6848
11938
5260
6526
194
4543
9854
1016
9488
5669
2563
10641
8888
8445
2940
1878
1382
5754
3692
970
6406
11118
7433
10090
10283
4002
5104
9633
1026
7470
5410
11607
397
7345
1640
10373
3156
7690
3817
3248
7851
1144
2746
5098
5063
11816
11163
6228
185
1466
10182
11067
9504
10541
6186
9703
9682
11149
11920
7607
5891
11104
4166
5074
11366
7180
7074
4360
10116
936
984
7544
4638
9077
5016
3080
4959
2197
4120
299
5443
10029
5955
7614
1498
3446
5293
988
8192
2327
782
11091
166
664
766
1074
5902
7167
3481
11459
6292
20
2163
10003
4059
1092
7848
3009
2578
2258
6966
8124
6300
7151
4836
1073
2652
4259
2321
9092
5158
11493
398
11840
4307
11349
6854
11463
1191
6904
8225
1860
1270
9796
9589
2858
6950
1965
122
6756
2238
4429
2268
9215
976
4010
626
3333
8093
2585
6900
2908
825
3056
11048
7799
8951
2350
5895
10814
4701
4021
4244
2000
9830
1293
10077
4649
50
1560
1890
5722
11148
4660
7169
4419
10705
10058
9414
449
5366
5786
321
2752
1545
5255
4349
10666
9471
4923
5773
5737
9063
6822
5512
7794
1912
10903
11538
7267
7385
10281
6297
1002
11403
7989
10684
10521
9152
4371
5001
5950
11262
2816
11619
11978
11589
8426
4659
9838
3811
9198
6471
9559
5851
719
11929
288
5508
1298
4554
3501
66
6274
1491
6605
3965
8107
680
10796
11338
7097
7141
5683
2303
6247
3347
429
11794
461
5725
819
11639
9294
11246
6646
10486
157
4187
7122
10974
3717
11124
11774
242
3518
2706
3218
7777
11382
8219
10280
1734
711
1741
7161
2977
8739
8078
3939
83
9049
1011
1031
5936
4571
106
1750
1773
4742
136
1185
6804
10357
1720
10766
9081
10153
3933
11332
501
11787
9879
8504
2424
1533
11285
119
9367
8209
7802
8605
7160
9923
7589
7025
5024
5515
10917
4641
5563
10607
10947
5925
260
10938
10726
139
6258
6399
2405
1085
2340
3245
3606
7164
9698
2095
4070
8598
8369
3942
3464
2542
3378
65
4334
1522
6869
3380
10659
9949
1014
4939
9469
2325
2994
6105
9909
9919
827
2328
8041
5202
10609
11763
4025
5582
5397
2663
3130
4190
1439
1808
1334
11696
8920
2061
11221
10025
4223
2004
2872
6830
1112
4683
6843
3754
10842
5770
4388
10363
7389
4136
2067
6378
4512
7524
3129
117
2863
1973
6715
8278
8447
906
8080
1679
3523
8947
7807
5191
1785
7325
1566
4293
5876
6768
9086
3163
9888
9201
10735
11145
8851
3883
6917
11076
10497
7250
5624
3673
860
10824
11727
2630
10559
904
10324
4199
11396
6723
4004
9468
2447
5481
1328
3681
11180
6026
584
4385
5583
1038
4318
10021
11704
2029
2857
11793
7154
4058
1007
4472
2143
11753
10720
11225
1247
10655
10036
9994
7364
7114
5317
3047
1985
5069
11880
5720
896
5241
3881
3668
4605
9787
5883
8039
10311
723
11968
8832
1940
9536
8468
5296
5496
7764
6772
10890
5933
6372
1263
5313
5686
6939
11142
1432
9053
8879
11555
1791
11170
7440
5821
7243
7932
9036
9184
6289
6024
9487
1831
1914
4221
8963
855
7209
63
2378
10464
7996
6158
882
6779
7244
8566
746
499
249
11062
11397
4285
6548
1864
10053
3675
1086
4329
2393
9797
7382
4495
3012
9532
9983
10784
10195
505
5716
11935
2135
3169
3006
9011
6500
6993
1386
4669
2380
11288
1119
4841
3893
6422
1671
5273
4439
10462
4583
3480
3764
359
2111
9456
7897
2929
1158
9199
9033
8168
3993
6838
6572
9265
7554
1930
1893
10621
9444
3779
6531
11350
4453
7957
7841
6968
3892
2903
5177
4663
6555
7108
161
4311
7915
693
10685
5389
3367
11347
8187
9445
8663
6229
5521
10310
462
953
11788
11772
11700
1248
593
3055
3561
8230
5221
1776
8689
5056
10339
4709
7605
930
2767
8112
7071
10819
10717
690
411
8045
10200
6155
4126
4290
11313
2282
9498
4983
10203
4884
7442
6550
6418
11842
547
9941
3167
3600
1917
8896
9899
7199
7594
7630
6846
6728
5371
9492
6990
6086
9922
8953
4598
111
9596
143
11678
5012
2880
6623
6700
7586
90
5235
9626
1813
2276
403
11954
167
11817
2973
10418
9944
9653
1118
8926
1919
578
9823
3101
9620
5275
302
824
373
1042
1330
2875
7515
10613
11509
1532
2829
9758
4484
8046
619
380
5573
8571
9776
8708
11884
8807
4492
4140
4520
2181
5278
11870
6965
6427
1075
9639
4149
7512
10802
235
6482
14
2763
4404
11324
8507
4101
5806
887
3876
6472
4026
1484
9864
3488
9845
3365
7110
6068
9191
1798
10007
1165
1459
1224
572
5065
7942
4886
8397
4243
6021
1504
273
5767
4226
10942
8866
661
5185
1059
3369
9037
7150
1051
16
4606
6810
5393
72
11247
4927
3601
1347
5088
6481
5062
3966
5422
2647
2558
7991
9520
9384
5612
3992
3036
5274
5109
1524
790
1103
0
4654
8876
298
10856
9595
10348
278
7339
7585
1849
268
4320
7938
7718
3030
11981
6052
10413
2634
10998
9908
2883
1253
11502
6610
3758
8786
8010
7015
9958
954
4274
10547
9791
124
11260
2629
5011
4498
5939
10091
5125
10469
11210
5328
6692
4447
327
11211
8389
2408
2016
3520
9809
11297
3747
7058
9524
642
9670
160
7945
1023
8347
5702
11902
9684
442
7046
11969
921
8159
2492
295
3043
5927
414
11692
1968
3194
6383
1246
1809
7872
10487
9649
8400
1162
7006
11901
5923
6115
8461
4881
9849
6578
51
9324
5387
6693
4516
928
5385
9705
5456
3024
6493
9873
8874
4365
10088
5705
2884
3918
7828
7113
6684
527
174
2390
1934
10976
1805
9656
3440
7569
4222
4188
7390
5348
2488
10137
8553
9132
1730
5956
10459
9855
876
11649
1256
5675
792
7077
5649
1356
858
11569
9902
10042
10257
2721
1489
9890
4391
4844
11685
11316
5566
11679
1578
8404
1124
908
8802
9168
7629
2801
1758
8678
5768
10761
980
9022
1387
6534
1371
2445
698
5730
3529
8427
2146
7757
8259
10899
3770
3370
5042
9084
3746
4737
4100
1619
8047
6561
4069
2213
8790
5982
451
830
3496
8709
7908
7825
7858
11194
2324
7821
11087
6161
1818
6050
6260
1486
6981
5298
7213
10742
267
6461
558
5017
7022
2769
3344
5823
11412
8440
3360
9799
9163
833
4452
110
11141
4047
5844
4346
2811
9230
1187
2010
7157
10724
9700
10446
7591
8824
6649
4985
3308
5679
9341
9998
6207
10245
11597
3858
10995
939
1348
11961
1583
3623
4310
8987
1488
6591
4110
10523
704
11290
8083
6443
7842
5053
918
6751
2364
6669
821
11707
9920
10082
1739
1792
1959
4018
822
10569
1044
4967
11705
5559
10303
6759
4467
10083
1343
650
1464
6952
8241
1833
11867
5423
3231
1210
2285
5342
8260
8919
5546
1848
2955
6839
11600
4480
8958
8453
7147
9680
8345
9076
6944
6189
5465
10106
2358
5535
1519
10294
8877
2248
9264
10675
2315
767
114
8841
4558
530
3837
5216
10688
7746
7818
4119
10031
10733
11932
7501
9623
10268
1338
10244
6281
3356
4153
4505
1780
2119
4412
3622
4957
4568
2301
11198
2138
9822
4977
1240
11752
5797
3519
10095
494
8070
2666
6202
6533
10594
445
9744
49
5253
1641
2507
4327
164
7183
6711
1544
1237
10556
10028
2693
10932
399
5969
189
1337
277
3689
424
2780
2475
7548
1181
6890
81
2189
22
7200
258
11825
7881
4806
7448
8810
4162
341
6996
658
9160
8604
8171
2214
4989
5340
8491
2812
4186
2773
9494
4799
11688
5993
407
5154
9348
323
6729
1082
11094
1344
8105
2180
4809
10467
3782
5753
144
6856
10243
7518
2188
3064
11665
4335
4504
11720
4547
6494
4113
3465
1515
2182
9892
6602
2196
4195
7612
4415
10087
8940
11924
4740
2635
10043
566
9942
7331
737
9254
120
5974
6802
653
1472
6792
2577
7227
9954
534
4788
6979
9175
7907
10946
7637
8029
3743
5100
8476
3776
3048
7426
5674
8761
9547
169
594
5503
10165
6196
5411
3363
10046
362
7299
2058
7719
4525
6766
1018
4442
1976
11804
9481
5032
11
3935
308
6122
3329
7069
2644
2240
5607
1133
2818
4405
5089
8773
4413
3250
3270
8848
8186
11608
5469
517
1555
275
3711
11252
5667
2377
2260
4263
8028
8812
2104
7054
7316
791
2864
5655
5564
7290
11593
5504
7704
11269
1480
8855
10316
9544
8114
5652
6574
8765
7396
6444
7053
11429
10811
6013
7380
8257
2958
2608
4666
2575
215
4796
9026
7192
4555
2545
5782
9302
9770
9566
2738
10221
5953
4191
5204
5870
6104
6877
7911
8354
7476
4207
3124
6515
11690
1518
2751
7622
476
3621
1558
1865
9590
8854
5499
3545
8796
595
9208
5992
9246
7868
8883
1013
263
7245
4509
9453
8194
367
4463
2306
7812
3399
8062
5586
1030
6419
5672
10250
8753
5715
520
5631
9889
11748
8217
6650
6221
1687
6971
7344
11823
4522
4604
11697
3593
10746
1692
7137
3836
10743
5578
3888
10640
3468
5605
1405
4078
10439
10188
8844
9573
11928
768
5307
7270
1680
7628
47
3875
10626
1842
4808
7782
7919
7869
5157
4288
4830
8103
37
10779
6453
2659
4490
11799
6293
2784
11408
7580
4455
8925
8496
7747
7817
3180
10069
11605
7492
2579
9269
9128
8623
8316
7384
4630
10891
9079
960
4003
10448
9313
3327
9064
2904
3491
3139
57
5050
1699
4734
8139
11362
8137
10561
11490
11479
10692
1705
5706
6617
5453
5128
130
2243
10126
3404
1526
2747
3353
4580
6131
4673
4050
9013
400
5205
11706
1682
8388
469
1837
5695
9009
877
6915
7608
11568
2680
6162
1695
4834
2671
2109
6976
10810
7545
3662
5326
5048
1095
3257
9779
8141
920
7511
905
4839
3867
1254
2389
6697
1147
4147
3564
712
1712
2668
4083
8238
9428
4395
10067
6474
2156
5758
5859
11114
4343
7816
2185
8949
7202
4431
3023
5262
3198
7120
3049
6719
9959
3052
4194
1759
11989
4972
8479
3595
6970
4377
3338
5231
4090
2382
6941
878
1061
677
4671
9592
4678
7791
11732
6141
9841
2538
7920
585
2147
11468
7819
4014
6337
9091
8527
9377
5710
5777
4877
2294
1123
6325
9299
2965
5003
2365
7335
402
5788
8325
3382
2781
4237
9743
4636
3260
10379
7457
10480
6345
3598
2232
2153
270
2140
634
9654
6695
6187
3805
9580
6513
2437
10714
4624
6380
7822
7042
7883
2733
7269
3977
4494
5102
7348
11183
9070
10634
11209
4023
6095
3328
207
10174
5830
1122
7660
3442
3954
10117
3604
6015
6586
8643
9177
5999
2020
5166
11628
10052
4791
2487
2356
7798
10216
4502
9877
5368
1341
5068
3983
10212
11070
4615
2167
8144
3348
11420
8250
8508
9039
9558
7105
11990
7786
2716
6414
6908
4705
7484
2468
3029
3354
2996
328
7837
8488
6814
8597
9166
2601
147
7460
11764
6203
3381
1806
11642
4882
9465
9510
7768
1908
1233
10860
11518
6587
2928
8813
2804
11274
1239
4879
11219
2374
1957
4797
8516
3857
10364
10895
5005
3664
6769
1021
1506
2828
4287
11331
3310
6027
3127
10611
4592
9707
3887
6730
4998
6937
4873
729
4426
10643
487
4341
3471
8581
5592
6144
10850
9412
3335
3449
1596
11059
3806
2821
10872
5363
11132
3991
2612
7831
8941
2334
10828
6457
10501
5461
7371
2603
11307
8116
4969
8185
11963
221
3647
6633
1797
7529
5570
3571
5211
10411
1012
1294
4997
11293
10064
5490
5343
6001
11437
526
10532
155
6994
2636
7152
3461
8514
3705
60
1754
10770
8220
5881
7136
5370
6082
5966
1219
4157
2530
3626
8526
7450
5039
293
2300
5334
5153
8143
4618
389
891
3625
8769
536
5027
1574
8178
102
11017
2920
7172
1541
7679
7020
5869
4316
1673
44
7351
10179
6451
11856
570
3256
8560
6497
3211
655
8368
744
1394
7865
11253
10527
1128
11693
4022
3228
11826
2796
2059
816
6182
8374
5396
4340
6821
7226
3315
10893
5312
6753
8294
5606
870
5864
10407
4449
9933
3792
5703
1208
544
2939
10390
8567
4749
10610
1170
7917
8928
